合并资产负债表
2023年12月31日
人民币千元

资产

附注五

2023年

2022年

12月31日

12月31日

现金及存放中央银行款项

1

115,302,787

114,473,943

存放同业款项

2

21,929,705

23,698,897

拆出资金

3

25,777,277

13,788,191

衍生金融资产

4

6,826,781

6,985,843

买入返售金融资产

5

47,492,179

52,627,697

发放贷款和垫款

6

1,066,932,114

914,911,172

443,007,912

402,350,741

金融投资 ：

7

交易性金融资产

7(a)

债权投资

7(b)

331,224,288

341,734,845

其他债权投资

7(c)

195,720,434

155,977,730

其他权益工具投资

7(d)

2,133,203

1,801,896

8

8,049,115

7,513,996

长期股权投资
投资性房地产

9

1,189,887

11,449

固定资产

10

7,949,110

7,213,896

在建工程

11

2,629,418

2,156,469

使用权资产

12

1,312,979

1,257,817

无形资产

13

1,132,750

611,470

商誉

14

210,050

210,050

递延所得税资产

15

5,873,503

6,623,690

其他资产

16

3,582,424

5,533,947

2,288,275,916

2,059,483,739

资产总计

后附财务报表附注为本财务报表的组成部分

126

南京银行股份有限公司

合并资产负债表（续）
2023年12月31日
人民币千元

负债

附注五

2023年

2022年

12月31日

12月31日

向中央银行借款

18

153,317,500

129,736,792

同业及其他金融机构存放款项

19

164,808,615

178,751,596

拆入资金

20

38,885,817

24,847,751

交易性金融负债

21

424,482

262,487

衍生金融负债

4

6,728,762

7,003,584

卖出回购金融资产款

22

66,542,427

50,039,051

吸收存款

23

1,396,365,869

1,261,132,423

应付职工薪酬

24

7,852,499

7,362,764

应交税费

25

2,263,548

2,342,280

应付债券

26

258,373,078

230,766,406

租赁负债

27

1,256,410

1,205,349

预计负债

28

776,228

1,248,731

其他负债

29

18,086,616

7,085,690

2,115,681,851

1,901,784,904

负债合计
股东权益
股本

30

10,343,733

10,343,718

其他权益工具

31

31,571,972

31,571,987

9,849,813

9,849,813

其中 ：优先股
永续债
32

资本公积

19,997,811

19,997,811

26,409,231

26,455,733

其他综合收益

33

648,358

(829,319)

盈余公积

34

11,857,217

10,128,129

一般风险准备

35

22,143,535

20,070,178

未分配利润

36

66,587,246

58,515,766

169,561,292

156,256,192

3,032,773

1,442,643

172,594,065

157,698,835

2,288,275,916

2,059,483,739

归属于母公司股东权益合计
37

少数股东权益
股东权益合计
负债及股东权益总计

本财务报表由以下人士签署 ：

法定代表人

行长及财务负责人

财务机构负责人

谢宁

朱钢

朱晓洁

后附财务报表附注为本财务报表的组成部分

二零二三年度报告

127

合并利润表
2023年度
人民币千元

附注五
营业收入

2023年度

2022年度

45,159,511

44,606,440

25,451,534

26,970,472

74,748,460

68,945,148

(49,296,926)

(41,974,676)

3,628,786

5,344,041

手续费及佣金收入

4,294,626

5,855,125

手续费及佣金支出

(665,840)

(511,084)

14,814,412

10,967,668

833,927

739,554

利息净收入

39

利息收入
利息支出
手续费及佣金净收入

40

41

投资收益
其中 ：对联营企业和合营企业的投资收益
以摊余成本计量的金融资产终止确认产生的收益
公允价值变动收益

42

387,304

357,482

1,717,565

2,695,691

(1,537,162)

(2,113,722)

其他业务收入

307,848

222,963

其他收益

769,503

521,180

7,025

(1,853)

汇兑收益

资产处置收益

(23,309,790)

(22,815,584)

43

(620,346)

(557,510)

业务及管理费

44

(13,761,761)

(13,271,096)

信用减值损失

45

(8,769,764)

(8,842,134)

营业支出
税金及附加

其他资产减值损失
其他业务成本
营业利润

(4,397)

1,044

(153,522)

(145,888)

21,849,721

21,790,856

加 ：营业外收入

94,923

21,268

减 ：营业外支出

(70,611)

(73,015)

21,874,033

21,739,109

(3,243,551)

(3,195,153)

18,630,482

18,543,956

18,630,482

18,543,956

18,502,084

18,408,039

128,398

135,917

利润总额
减 ：所得税费用
净利润

46

按经营持续性分类
持续经营净利润
按所有权归属分类
归属于母公司股东的净利润
少数股东损益
后附财务报表附注为本财务报表的组成部分

128

南京银行股份有限公司

合并利润表（续）
2023年度
人民币千元

附注五
其他综合收益的税后净额
归属于母公司股东的其他综合收益的税后净额

33

（一） 不能重分类进损益的其他综合收益

2023年度

2022年度

1,477,677

(1,682,893)

1,477,677

(1,682,893)

220,276

(139,897)

其他权益工具投资公允价值变动

220,276

(139,897)

（二） 将重分类进损益的其他综合收益

1,257,401

(1,542,996)

权益法下可转损益的其他综合收益

61,920

(97,277)

其他债权投资公允价值变动

957,194

(1,621,272)

其他债权投资信用减值准备

238,287

175,553

–

–

20,108,159

16,861,063

19,979,761

16,725,146

128,398

135,917

归属于少数股东的其他综合收益的税后净额
综合收益总额
其中 ：
归属于母公司股东的综合收益总额
归属于少数股东的综合收益总额
每股收益（人民币元╱股）
基本每股收益

47

1.68

1.76

稀释每股收益

47

1.47

1.54

本财务报表由以下人士签署 ：

法定代表人

行长及财务负责人

财务机构负责人

谢宁

朱钢

朱晓洁

后附财务报表附注为本财务报表的组成部分

二零二三年度报告

129

合并现金流量表
2023年度
人民币千元

2023年度

2022年度

经营活动产生的现金流量 ：
吸收存款和同业存放款项净增加额
向中央银行借款净增加额
向其他金融机构拆入资金净增加额
收取利息 、手续费及佣金的现金
收到其他与经营活动有关的现金

117,148,244
23,157,783
23,284,706
86,685,984
11,681,316

270,496,945
20,924,739
–
80,315,254
1,789,865

经营活动现金流入小计

261,958,033

373,526,803

发放贷款和垫款净增加额
存放中央银行和同业款项净增加额
向其他金融机构拆入资金净减少额
支付利息 、手续费及佣金的现金
支付给职工以及为职工支付的现金
支付的各项税费
支付其他与经营活动有关的现金

(159,857,523)
(3,444,453)
–
(39,477,239)
(8,681,608)
(7,456,057)
(5,982,214)

(156,740,318)
(1,570,497)
(66,119,910)
(27,534,957)
(7,838,259)
(7,054,960)
(8,847,334)

经营活动现金流出小计

(224,899,094)

(275,706,235)

37,058,939

97,820,568

投资活动产生的现金流量 ：
收回投资收到的现金
取得投资收益收到的现金
收到其他与投资活动有关的现金

1,323,343,514
6,325,263
13,680

1,383,884,047
4,047,883
177

投资活动现金流入小计

1,329,682,457

1,387,932,107

投资支付的现金
取得子公司及其他营业单位支付的现金
购建固定资产 、无形资产和其他长期资产支付的现金

(1,385,145,807)
–
(2,113,824)

(1,485,776,702)
(333,547)
(798,087)

投资活动现金流出小计

(1,387,259,631)

(1,486,908,336)

投资活动使用的现金流量净额

(57,577,174)

(98,976,229)

筹资活动产生的现金流量 ：
发行债券所收到的现金
吸收投资收到的现金

262,793,926
1,486,000

313,268,584
–

筹资活动现金流入小计

264,279,926

313,268,584

偿还债务支付的现金
分配股利 、利润或偿付利息支付的现金
偿付租赁负债支付的现金
支付的其他与筹资活动有关的现金

(238,327,382)
(9,411,462)
(457,060)
–

(285,770,000)
(7,322,835)
(384,076)
(151,360)

筹资活动现金流出小计

(248,195,904)

(293,628,271)

16,084,022

19,640,313

附注五
一、

48

经营活动产生的现金流量净额
二、

三、

筹资活动产生的现金流量净额
四、

汇率变动对现金及现金等价物的影响额

63,292

669,474

五、

本年现金及现金等价物净增加（减少）额

(4,370,921)

19,154,126

加 ：年初现金及现金等价物余额

43,289,928

24,135,802

38,919,007

43,289,928

六、

48

年末现金及现金等价物余额

本财务报表由以下人士签署 ：

法定代表人

行长及财务负责人

财务机构负责人

谢宁

朱钢

朱晓洁

后附财务报表附注为本财务报表的组成部分

132

南京银行股份有限公司

资产负债表
2023年12月31日
人民币千元

资产

附注十八

现金及存放中央银行款项

2023年

2022年

12月31日

12月31日

113,314,052

112,462,015

存放同业款项

19,194,807

21,931,496

拆出资金

27,902,315

15,821,217

衍生金融资产

6,826,743

6,985,843

买入返售金融资产

46,398,450

51,812,699

1,023,887,584

898,846,151

发放贷款和垫款

2

金融投资 ：
交易性金融资产

412,613,994

388,113,673

债权投资

328,181,199

339,503,477

其他债权投资

195,720,434

155,977,730

2,133,203

1,801,896

15,157,903

11,708,207

1,182,009

2,379

其他权益工具投资
长期股权投资
投资性房地产

1

固定资产

7,894,646

7,196,394

在建工程

2,563,565

2,090,617

使用权资产

1,189,394

1,211,770

无形资产

927,730

509,460

递延所得税资产

5,333,584

6,333,946

其他资产

2,907,986

4,859,003

资产总计

2,213,329,598

2,027,167,973

后附财务报表附注为本财务报表的组成部分

二零二三年度报告

133

资产负债表（续）
2023年12月31日
人民币千元

2023年

2022年

12月31日

12月31日

向中央银行借款

152,587,185

128,579,325

同业及其他金融机构存放款项

167,594,617

180,207,861

拆入资金

13,471,663

22,955,188

负债

附注十八

–

–

6,728,750

7,003,584

交易性金融负债
衍生金融负债

52,628,761

42,102,760

1,381,793,696

1,248,145,569

卖出回购金融资产款
吸收存款
应付职工薪酬

6,870,870

6,680,396

应交税费

1,831,517

2,123,938

应付债券

258,373,078

230,766,406

租赁负债

1,136,254

1,161,747

预计负债

772,740

1,246,032

其他负债

4,175,276

3,366,848

负债合计

2,047,964,407

1,874,339,654

股本

10,343,733

10,343,718

其他权益工具

31,571,972

31,571,987

9,849,813

9,849,813

股东权益

其中 ：优先股
永续债
资本公积
其他综合收益
盈余公积

19,997,811

19,997,811

26,489,361

26,536,412

648,358

(829,319)

11,857,217

10,128,129

一般风险准备

21,014,664

19,126,935

未分配利润

63,439,886

55,950,457

股东权益合计

165,365,191

152,828,319

2,213,329,598

2,027,167,973

负债及股东权益总计

本财务报表由以下人士签署 ：

法定代表人

行长及财务负责人

财务机构负责人

谢宁

朱钢

朱晓洁

后附财务报表附注为本财务报表的组成部分

134

南京银行股份有限公司

利润表
2023年度
人民币千元

附注十八
营业收入

2023年度

2022年度

40,636,605

41,993,045

22,980,039

26,326,942

利息收入

71,411,094

67,956,129

利息支出

(48,431,055)

(41,629,187)

1,749,855

3,647,777

手续费及佣金收入

3,037,356

4,150,169

手续费及佣金支出

(1,287,501)

(502,392)

14,772,688

10,792,243

833,927

739,580

利息净收入

手续费及佣金净收入

投资收益
其中 ：对联营企业和合营企业的投资收益

3

387,304

357,482

公允价值变动收益

1,679,945

2,732,299

汇兑收益

以摊余成本计量的金融资产终止确认产生的收益

(1,537,162)

(2,113,722)

其他业务收入

314,667

232,491

其他收益

669,548

376,825

7,025

(1,810)

(19,986,031)

(21,840,099)

(585,437)

(541,537)

业务及管理费

(12,104,125)

(12,406,762)

信用减值损失

(7,145,271)

(8,747,907)

资产处置收益
营业支出
税金及附加

其他资产减值损失
其他业务成本
营业利润

(4,397)

1,044

(146,801)

(144,937)

20,650,574

20,152,946

加 ：营业外收入

92,171

19,556

减 ：营业外支出

(65,917)

(71,331)

利润总额

20,676,828

20,101,171

减 ：所得税费用

(2,942,423)

(2,810,293)

净利润

17,734,405

17,290,878

17,734,405

17,290,878

按经营持续性分类
持续经营净利润
后附财务报表附注为本财务报表的组成部分

二零二三年度报告

135

利润表（续）
2023年度
人民币千元

附注十八
其他综合收益的税后净额
（一）不能重分类进损益的其他综合收益

2023年度

2022年度

1,477,677

(1,682,893)

220,276

(139,897)

其他权益工具投资公允价值变动

220,276

(139,897)

（二）将重分类进损益的其他综合收益

1,257,401

(1,542,996)

权益法下可转损益的其他综合收益

61,920

(97,277)

其他债权投资公允价值变动

957,194

(1,621,272)

其他债权投资信用减值准备

238,287

175,553

19,212,082

15,607,985

综合收益总额

本财务报表由以下人士签署 ：

法定代表人

行长及财务负责人

财务机构负责人

谢宁

朱钢

朱晓洁

后附财务报表附注为本财务报表的组成部分

136

南京银行股份有限公司

现金流量表
2023年度
人民币千元

2023年度

2022年度

吸收存款和同业存放款项净增加额

116,906,832

269,387,934

向中央银行借款净增加额

23,584,688

21,187,097

收取利息 、手续费及佣金的现金

80,803,657

77,530,738

收到其他与经营活动有关的现金

1,265,570

680,055

经营活动现金流入小计

222,560,747

368,785,824

发放贷款和垫款净增加额

(131,501,716)

(158,980,396)

(3,078,008)

(1,703,399)

附注十八
一、

经营活动产生的现金流量 ：

存放中央银行和同业款项净增加额
向其他金融机构拆入资金净减少额

(5,746,179)

(67,486,421)

支付利息 、手续费及佣金的现金

(39,042,199)

(27,230,168)

支付给职工以及为职工支付的现金

(7,723,316)

(7,377,435)

支付的各项税费

(6,818,795)

(6,466,541)

支付其他与经营活动有关的现金

(4,464,759)

(7,906,225)

(198,374,972)

(277,150,585)

24,185,775

91,635,239

1,335,031,037

1,382,918,074

6,196,934

4,032,153

13,628

106

投资活动现金流入小计

1,341,241,599

1,386,950,333

投资支付的现金

(1,383,220,512)

(1,478,653,220)

–

(387,860)

(1,873,727)

(752,028)

(1,385,094,239)

(1,479,793,108)

(43,852,640)

(92,842,775)

经营活动现金流出小计
经营活动产生现金流量净额
二、

4

投资活动产生的现金流量 ：
收回投资收到的现金
取得投资收益收到的现金
收到其他与投资活动有关的现金

取得子公司及其他营业单位支付的现金
购建固定资产 、无形资产和其他长期资产支付的现金
投资活动现金流出小计
投资活动使用的现金流量净额

后附财务报表附注为本财务报表的组成部分

二零二三年度报告

139

现金流量表（续）
2023年度
人民币千元

2023年度

2022年度

发行债券所收到的现金

262,793,926

313,268,584

筹资活动现金流入小计

262,793,926

313,268,584

偿还债务支付的现金

(238,327,382)

(285,770,000)

(9,387,743)

(7,305,743)

(419,666)

(375,423)

(248,134,791)

(293,451,166)

14,659,135

19,817,418

附注十八
三、

筹资活动产生的现金流量 ：

分配股利 、利润或偿付利息支付的现金
偿付租赁负债支付的现金
筹资活动现金流出小计
筹资活动产生的现金流量净额
四、

汇率变动对现金及现金等价物的影响额

63,292

669,474

五、

本年现金及现金等价物净增加（减少）额

(4,944,438)

19,279,356

加 ：年初现金及现金等价物余额

40,722,379

21,443,023

年末现金及现金等价物余额

35,777,941

40,722,379

六、

本财务报表由以下人士签署 ：

法定代表人

行长及财务负责人

财务机构负责人

谢宁

朱钢

朱晓洁

后附财务报表附注为本财务报表的组成部分

140

南京银行股份有限公司

