2023 年年度报告

二、财务报表
合并资产负债表
2023 年 12 月 31 日
编制单位: 中银国际证券股份有限公司
项目
资产：
货币资金
其中：客户资金存款
结算备付金
其中：客户备付金
融出资金
衍生金融资产
存出保证金
应收款项
买入返售金融资产
金融投资：
交易性金融资产
其他债权投资
其他权益工具投资
固定资产
使用权资产
无形资产
递延所得税资产
其他资产
资产总计
负债：
应付短期融资款
拆入资金
交易性金融负债
衍生金融负债
卖出回购金融资产款
代理买卖证券款
代理承销证券款
应付货币保证金
应付质押保证金
应付职工薪酬
应交税费
应付款项
预计负债
应付债券
租赁负债
递延所得税负债
其他负债
负债合计
所有者权益（或股东权益）：
实收资本（或股本）
资本公积
其他综合收益
盈余公积

附注七
1

单位:元 币种:人民币
2022年12月31日
2023年12月31日
21,355,647,190.69
19,388,330,281.59
6,292,898,143.84
5,945,094,495.60
12,539,559,245.34
20,475.16
5,994,067,663.58
250,361,690.46
492,600,089.83
21,624,444,466.57
19,221,001,387.00
2,357,043,079.57
46,400,000.00
79,981,659.96
183,013,394.03
148,569,065.56
369,232,979.11
115,648,973.86
69,446,045,037.99

26,726,064,118.67
24,357,135,687.90
6,406,951,454.44
6,139,868,194.07
10,533,913,205.13
849,703.96
5,774,468,137.22
320,307,314.53
658,796,912.81
13,093,536,164.23
11,492,406,794.63
1,556,129,369.60
45,000,000.00
61,746,505.31
148,635,826.98
146,170,173.73
367,645,302.75
92,263,446.54
64,331,348,266.30

31
32
33
6
34
35
36
35
35
37
38
39
42
44
45
24
47

3,230,159,855.39
2,000,711,305.56
245,556,738.62
9,246,143,997.81
18,078,039,920.11
37,440,000.00
11,960,167,587.61
301,877,228.00
455,705,466.12
41,962,616.58
304,410,209.17
9,011,696.00
6,096,397,260.26
178,552,490.99
2,751,414.01
33,740,911.80
52,222,628,698.03

2,538,542,433.60
2,211,904,880.96
15,063,968.30
38,894.39
2,436,184,957.70
21,564,835,051.76
13,224,279,468.36
687,557,064.00
516,009,262.92
45,633,319.97
336,766,409.49
8,407,696.00
4,157,956,328.77
140,636,429.09
6,169,414.52
29,511,839.47
47,919,497,419.30

48
50
52
53

2,778,000,000.00
7,341,149,140.21
16,387,197.20
838,802,104.01

2,778,000,000.00
7,341,149,140.21
19,394,898.80
717,691,808.94

2
5
6
7
8
11
13
15
16
19
21
22
24
25

109 / 226

2023 年年度报告

一般风险准备
未分配利润
归属于母公司所有者权益（或股东权益）合
计
少数股东权益
所有者权益（或股东权益）合计
负债和所有者权益（或股东权益）总计

54
55

3,349,304,001.20
2,892,739,292.33

3,104,554,939.27
2,441,246,097.77

17,216,381,734.95

16,402,036,884.99

7,034,605.01
17,223,416,339.96
69,446,045,037.99

9,813,962.01
16,411,850,847.00
64,331,348,266.30

公司负责人：宁敏 主管会计工作负责人：刘国强 会计机构负责人：刘国强

母公司资产负债表
2023 年 12 月 31 日
编制单位:中银国际证券股份有限公司
项目

资产：
货币资金
其中：客户资金存款
结算备付金
其中：客户备付金
融出资金
衍生金融资产
存出保证金
应收款项
买入返售金融资产
金融投资：
交易性金融资产
其他债权投资
其他权益工具投资
长期股权投资
固定资产
使用权资产
无形资产
递延所得税资产
其他资产
资产总计
负债：
应付短期融资款
拆入资金
交易性金融负债
衍生金融负债
卖出回购金融资产款
代理买卖证券款
代理承销证券款
应付职工薪酬
应交税费
应付款项
预计负债
应付债券

附注二十一

8

1

2

110 / 226

2023年12月31日

单位:元 币种:人民币
2022年12月31日

13,955,972,382.13
12,229,350,354.00
6,292,873,997.06
5,945,094,495.60
12,539,559,245.34
20,475.16
121,015,802.07
250,761,875.84
492,600,089.83
20,750,197,827.05
18,348,154,747.48
2,357,043,079.57
45,000,000.00
1,206,000,000.00
73,115,569.31
173,998,906.43
135,246,058.59
364,652,688.14
107,305,795.34
56,463,320,712.29

17,660,591,756.38
15,539,463,164.81
6,406,950,345.45
6,139,868,194.07
10,533,913,205.13
849,703.96
150,668,686.05
302,255,958.62
658,796,912.81
12,120,205,441.92
10,519,076,072.32
1,556,129,369.60
45,000,000.00
1,176,000,000.00
57,715,957.18
134,027,316.79
132,030,861.74
362,504,057.39
78,572,778.68
49,775,082,982.10

3,230,159,855.39
2,000,711,305.56
231,028,773.83
9,246,143,997.81
18,078,498,563.15
37,440,000.00
438,496,280.02
31,281,134.22
319,778,406.55
7,294,000.00
6,096,397,260.26

2,538,542,433.60
2,211,904,880.96
-

38,894.39
2,436,184,957.70
21,584,245,417.53
-

497,433,546.90
35,555,488.06
342,265,366.37
6,690,000.00
4,157,956,328.77

2023 年年度报告

租赁负债
其他负债
负债合计
所有者权益（或股东权益）：
实收资本（或股本）
资本公积
其他综合收益
盈余公积
一般风险准备
未分配利润
所有者权益（或股东权益）合计
负债和所有者权益（或股东权益）总计

170,854,680.12
118,911.03
39,888,203,167.94

127,381,668.64
102,008.00
33,938,300,990.92

2,778,000,000.00
7,341,149,140.21
16,387,197.20
838,802,104.01
3,313,965,953.51
2,286,813,149.42
16,575,117,544.35
56,463,320,712.29

2,778,000,000.00
7,341,149,140.21
19,394,898.80
717,691,808.94
3,073,755,324.42
1,906,790,818.81
15,836,781,991.18
49,775,082,982.10

公司负责人：宁敏 主管会计工作负责人：刘国强 会计机构负责人：刘国强

合并利润表
2023 年 1—12 月
项目

附注
七

一、营业总收入
利息净收入
其中：利息收入

56

利息支出
手续费及佣金净收入

57

其中：经纪业务手续费净收入
投资银行业务手续费净收入
资产管理业务手续费净收入
投资收益（损失以“－”号填列）
其他收益
公允价值变动收益（损失以“－”号填列）

58
60
61

汇兑收益（损失以“－”号填列）
其他业务收入
资产处置收益（损失以“－”号填列）
二、营业总支出
税金及附加
业务及管理费

64
65

信用减值损失
其他业务成本
三、营业利润（亏损以“－”号填列）

66

加：营业外收入
减：营业外支出
四、利润总额（亏损总额以“－”号填列）

69
70

111 / 226

单位:元 币种:人民币
2023年度
2022年度
2,940,466,638.7
3
830,207,539.50
1,333,880,287.9
5
503,672,748.45
1,651,924,127.5
9
843,543,637.82
258,147,334.19
542,947,003.84
407,395,847.26
128,022,465.89
(81,036,638.52)
1,160,978.52
3,130,359.18
(338,040.69)
1,921,517,419.3
7
12,641,677.62
1,899,608,041.7
2
4,627,057.91
4,640,642.12
1,018,949,219.3
6
7,005,805.59
257,349.08
1,025,697,675.8
7

2,959,272,536.5
7
809,390,683.37
1,326,134,295.8
0
516,743,612.43
1,817,538,377.6
9
943,290,133.24
112,953,134.18
744,068,911.74
504,801,898.25
104,406,250.79
(284,645,574.86
)
5,840,628.78
2,195,429.88
(255,157.33)
2,056,535,938.0
7
15,974,466.37
2,042,442,563.7
7
(7,591,158.44)
5,710,066.37
902,736,598.50
508,259.32
782,198.79
902,462,659.03

2023 年年度报告

减：所得税费用
五、净利润（净亏损以“－”号填列）
1.归属于母公司股东的净利润（净亏损以“－”号
填列）
2.少数股东损益（净亏损以“－”号填列）
六、其他综合收益的税后净额
归属母公司所有者的其他综合收益的税后净额
（一）不能重分类进损益的其他综合收益
（二）将重分类进损益的其他综合收益
1.权益法下可转损益的其他综合收益
2.其他债权投资公允价值变动
3.金融资产重分类计入其他综合收益的金额
4.其他债权投资信用损失准备
归属于少数股东的其他综合收益的税后净额
七、综合收益总额
归属于母公司所有者的综合收益总额
归属于少数股东的综合收益总额
八、每股收益：
（一）基本每股收益（元/股）
（二）稀释每股收益（元/股）

71

124,086,629.60
901,611,046.27

91,595,137.16
810,867,521.87

900,692,551.56

807,725,075.62

918,494.71
(3,007,701.60)
(3,007,701.60)
(3,007,701.60)
(2,928,526.44)
(79,175.16)
898,603,344.67
897,684,849.96
918,494.71

3,142,446.25
(7,998,737.99)
(7,998,737.99)
(7,998,737.99)
(8,061,641.93)
62,903.94
802,868,783.88
799,726,337.63
3,142,446.25

0.32
0.32

0.29
0.29

本期发生同一控制下企业合并的，被合并方在合并前实现的净利润为：0.00 元, 上期被合并方实
现的净利润为： 0.00 元。
公司负责人：宁敏 主管会计工作负责人：刘国强 会计机构负责人：刘国强

母公司利润表
2023 年 1—12 月
项目

一、营业总收入
利息净收入
其中：利息收入
利息支出
手续费及佣金净收入
其中：经纪业务手续费净收入
投资银行业务手续费净收入
资产管理业务手续费净收入
投资收益（损失以“－”号填列）
其他收益
公允价值变动收益（损失以“－”号填列）
汇兑收益（损失以“－”号填列）
其他业务收入
资产处置收益（损失以“－”号填列）
二、营业总支出
税金及附加
业务及管理费
信用减值损失
其他业务成本

附注二十一
3

4

5
6

7

112 / 226

单位:元 币种:人民币
2023年度
2022年度
2,706,753,884.54 2,778,818,134.56
732,384,268.56
709,947,213.37
1,174,933,416.84 1,160,603,927.12
442,549,148.28
450,656,713.75
1,560,674,190.93 1,720,437,975.58
755,913,511.07
852,026,613.15
258,147,334.19
112,953,134.18
539,327,193.93
738,267,878.78
349,795,213.16
443,686,798.35
123,580,996.51
101,088,456.96
(62,990,154.78) (203,283,557.88)
1,155,699.83
5,820,245.08
2,491,636.62
1,334,751.04
(337,966.29)
(213,747.94)
1,790,769,809.58 1,926,597,565.92
12,158,264.87
15,110,036.58
1,774,207,458.17 1,918,342,838.74
4,404,086.54
(7,591,158.44)
735,849.04

2023 年年度报告

三、营业利润（亏损以“－”号填列）
加：营业外收入
减：营业外支出
四、利润总额（亏损总额以“－”号填列）
减：所得税费用
五、净利润（净亏损以“－”号填列）
六、其他综合收益的税后净额
（一）不能重分类进损益的其他综合收
益
（二）将重分类进损益的其他综合收益
1.权益法下可转损益的其他综合收益
2.其他债权投资公允价值变动
3.金融资产重分类计入其他综合收益的
金额
4.其他债权投资信用损失准备
七、综合收益总额

915,984,074.96
7,005,505.59
247,449.08
922,742,131.47
98,058,876.70
824,683,254.77
(3,007,701.60)
-

852,220,568.64
508,259.32
772,220.16
851,956,607.80
79,117,216.00
772,839,391.80
(7,998,737.99)
-

(3,007,701.60)
(2,928,526.44)

(7,998,737.99)
(8,061,641.93)

-

-

(79,175.16)
821,675,553.17

62,903.94
764,840,653.81

公司负责人：宁敏 主管会计工作负责人：刘国强 会计机构负责人：刘国强

合并现金流量表
2023 年 1—12 月
项目

附注
七

一、经营活动产生的现金流量：
为交易目的而持有的金融资产净减少额

单位：元 币种：人民币
2023年度
2022年度

-

为交易目的而持有的金融负债净增加额
收取利息、手续费及佣金的现金

220,882,062.64
3,361,499,746.0
4

融出资金净减少额

-

回购业务资金净增加额

6,972,026,000.0
0

代理买卖证券收到的现金净额

-

收到其他与经营活动有关的现金

73(1)

249,005,281.48

经营活动现金流入小计
10,803,413,090.
16
7,483,219,176.1
0
1,988,072,257.2
7
200,000,000.00

为交易目的而持有的金融资产净增加额
融出资金净增加额
拆入资金净减少额
回购业务资金净减少额

-

代理买卖证券支付的现金净额

3,486,290,135.2
0
766,342,250.04
1,127,637,000.4

支付利息、手续费及佣金的现金
支付给职工及为职工支付的现金
113 / 226

3,221,434,230.6
1
12,200,695.83
3,327,905,760.2
9
1,366,889,021.7
8
1,200,432,197.5
6
5,004,811,839.7
4
14,133,673,745.
81
300,000,000.00
2,608,961,000.0
0
938,438,419.35
1,178,565,420.1

2023 年年度报告

2
253,100,941.38

支付的各项税费
支付其他与经营活动有关的现金

73(1)
2,521,580,601.6
5

经营活动现金流出小计
经营活动产生的现金流量净额

74(1)

二、投资活动产生的现金流量：
收回投资收到的现金
取得投资收益收到的现金
处置固定资产、无形资产和其他长期资产收回的
现金净额
投资活动现金流入小计
投资支付的现金
购建固定资产、无形资产和其他长期资产支付的
现金
投资活动现金流出小计
投资活动产生的现金流量净额
三、筹资活动产生的现金流量：
发行债券收到的现金
筹资活动现金流入小计
偿还债务支付的现金
分配股利、利润或偿付利息支付的现金
支付其他与筹资活动有关的现金
筹资活动现金流出小计

73(3)

筹资活动产生的现金流量净额
四、汇率变动对现金及现金等价物的影响
五、现金及现金等价物净增加额
加：期初现金及现金等价物余额
六、期末现金及现金等价物余额

74(4)

17,826,242,362.
06
(7,022,829,271.9
0)

3
306,055,033.22
1,846,784,135.3
7
7,178,804,008.0
7
6,954,869,737.7
4

3,895,974,228.4
7
29,581,987.94

2,132,811,051.5
3
73,432,115.11

158,131.55

175,937.61

3,925,714,347.9
6
4,717,182,036.3
8

2,206,419,104.2
5
2,153,726,531.9
7

95,980,812.00

63,961,724.05

4,813,162,848.3
8
(887,448,500.42
)

2,217,688,256.0
2

10,774,200,000.
00
10,774,200,000.
00
8,176,420,000.0
0
261,793,172.85
113,705,399.79
8,551,918,572.6
4
2,222,281,427.3
6
1,160,978.52
(5,686,835,366.4
4)
32,763,740,202.
25
27,076,904,835.
81

11,176,357,738.
80
11,176,357,738.
80
13,429,897,738.
80
395,901,400.29
114,557,580.40
13,940,356,719.
49
(2,763,998,980.6
9)
5,840,628.78
4,185,442,234.0
6
28,578,297,968.
19
32,763,740,202.
25

(11,269,151.77)

公司负责人：宁敏 主管会计工作负责人：刘国强 会计机构负责人：刘国强

母公司现金流量表
2023 年 1—12 月
单位:元 币种:人民币
114 / 226

2023 年年度报告

项目
一、经营活动产生的现金流量：
为交易目的而持有的金融资产净减
少额
为交易目的而持有的金融负债净增
加额
收取利息、手续费及佣金的现金
融出资金净减少额
回购业务资金净增加额
代理买卖证券收到的现金净额
收到其他与经营活动有关的现金
经营活动现金流入小计
为交易目的而持有的金融资产净增
加额
融出资金净增加额
拆入资金净减少额
回购业务资金净减少额
代理买卖证券支付的现金净额
支付利息、手续费及佣金的现金
支付给职工及为职工支付的现金
支付的各项税费
支付其他与经营活动有关的现金
经营活动现金流出小计
经营活动产生的现金流量净额
二、投资活动产生的现金流量：
收回投资收到的现金
取得投资收益收到的现金
处置固定资产、无形资产和其他长
期资产收回的现金净额
投资活动现金流入小计
投资支付的现金
购建固定资产、无形资产和其他长
期资产支付的现金
投资活动现金流出小计
投资活动产生的现金流量净额
三、筹资活动产生的现金流量：
发行债券收到的现金
筹资活动现金流入小计
偿还债务支付的现金
分配股利、利润或偿付利息支付的
现金
支付其他与筹资活动有关的现金
筹资活动现金流出小计
筹资活动产生的现金流量净额
四、汇率变动对现金及现金等价物的
影响
五、现金及现金等价物净增加额
加：期初现金及现金等价物余额
六、期末现金及现金等价物余额

附注二十一

9(4)

9(5)
9(1)

9(3)

2023年度

2022年度
-

3,147,472,890.77

221,418,066.15

38,894.39

2,999,390,954.63
6,972,026,000.00
205,194,033.90
10,398,029,054.68

2,869,360,453.50
1,366,889,021.78
1,219,829,286.01
171,034,045.39
8,774,624,591.84

7,531,795,644.69

-

1,988,072,257.27
200,000,000.00
3,505,241,857.93
618,502,154.31
1,073,516,427.49
225,080,833.37
521,804,039.34
15,664,013,214.40
(5,265,984,159.72)

300,000,000.00
2,608,961,000.00
675,585,152.40
1,123,772,220.87
268,459,037.55
573,797,732.18
5,550,575,143.00
3,224,049,448.84

1,372,806,770.00
14,130,579.14

210,162,510.00
55,835,752.93

158,131.55

172,875.66

1,387,095,480.69
2,175,000,000.00

266,171,138.59
250,000,000.00

89,247,205.35

59,946,011.67

2,264,247,205.35
(877,151,724.66)

309,946,011.67
(43,774,873.08)

10,774,200,000.00
10,774,200,000.00
8,176,420,000.00

11,176,357,738.80
11,176,357,738.80
13,429,897,738.80

258,095,321.14

395,901,400.29

105,433,310.46
8,539,948,631.60
2,234,251,368.40

106,343,518.27
13,932,142,657.36
(2,755,784,918.56)

1,155,699.83

5,820,245.08

(3,907,728,816.15)
23,722,981,928.95
19,815,253,112.80

430,309,902.28
23,292,672,026.67
23,722,981,928.95

公司负责人：宁敏 主管会计工作负责人：刘国强 会计机构负责人：刘国强
115 / 226

