润达医疗 2023 年年度报告

中国·北京

二〇二四年四月二十五日

二、财务报表
合并资产负债表
2023 年 12 月 31 日
编制单位: 上海润达医疗科技股份有限公司
项目
流动资产：
货币资金
结算备付金
拆出资金
交易性金融资产
衍生金融资产
应收票据
应收账款
应收款项融资
预付款项
应收保费
应收分保账款
应收分保合同准备金
其他应收款
其中：应收利息
应收股利
买入返售金融资产
存货
合同资产
持有待售资产
一年内到期的非流动资产
其他流动资产
流动资产合计
非流动资产：
发放贷款和垫款
债权投资
其他债权投资
长期应收款
长期股权投资
其他权益工具投资
其他非流动金融资产
投资性房地产
固定资产
在建工程
生产性生物资产
油气资产

附注

2023 年 12 月 31 日

单位:元 币种:人民币
2022 年 12 月 31 日

1,068,061,473.28

1,007,052,275.15

58,000,000.00

106,500,000.00

105,978,495.21
5,539,609,452.80

93,056,685.28
5,920,812,328.92

977,624,078.27

809,408,530.51

200,574,365.27

233,382,174.54

254,506.00

3,000,000.00

1,376,953,338.75

1,615,932,474.38

38,315,994.61
28,783,623.59
9,393,900,821.78

21,297,936.17
11,715,119.92
9,819,157,524.87

23,902,773.16
1,172,134,183.27
39,349,591.83

23,119,540.45
1,100,257,337.23
28,652,184.95

1,059,474,905.34
18,710,477.05

962,093,569.00
41,433,431.25

86 / 332

润达医疗 2023 年年度报告

使用权资产
无形资产
开发支出
商誉
长期待摊费用
递延所得税资产
其他非流动资产
非流动资产合计
资产总计
流动负债：
短期借款
向中央银行借款
拆入资金
交易性金融负债
衍生金融负债
应付票据
应付账款
预收款项
合同负债
卖出回购金融资产款
吸收存款及同业存放
代理买卖证券款
代理承销证券款
应付职工薪酬
应交税费
其他应付款
其中：应付利息
应付股利
应付手续费及佣金
应付分保账款
持有待售负债
一年内到期的非流动负债
其他流动负债
流动负债合计
非流动负债：
保险合同准备金
长期借款
应付债券
其中：优先股
永续债
租赁负债
长期应付款
长期应付职工薪酬
预计负债
递延收益
递延所得税负债
其他非流动负债
非流动负债合计

131,636,172.44
76,644,985.54

153,279,307.10
69,459,189.01

2,011,808,358.23
142,996,969.42
234,743,455.48
4,690,586.23
4,916,092,457.99
14,309,993,279.77

1,987,641,407.12
118,140,600.47
203,328,685.49
12,299,564.28
4,699,704,816.35
14,518,862,341.22

4,711,694,456.01

5,214,905,648.11

108,000,000.00
1,398,684,601.69
14,622,602.87
98,586,260.68

151,327,872.49
1,684,876,452.08
18,426,203.37
167,507,327.14

77,430,984.12
143,708,687.45
185,910,089.61

108,091,027.88
143,012,489.01
281,379,583.29

8,807,954.37

6,899,354.40

777,678,767.32
11,650,490.03
7,527,966,939.78

718,205,901.61
21,057,411.39
8,508,789,916.37

500,576,600.00
602,045,566.56

337,506,000.00
486,070,020.29

88,249,217.86
71,657,839.06

107,342,328.64
26,108,189.18

2,130,454.28
17,793,943.35
51,858,928.57
461,016.89
1,334,773,566.57

1,619,000.62
17,918,863.58
16,626,240.17
7,031,467.55
1,000,222,110.03

87 / 332

润达医疗 2023 年年度报告

负债合计
所有者权益（或股东权益）：
实收资本（或股本）
其他权益工具
其中：优先股
永续债
资本公积
减：库存股
其他综合收益
专项储备
盈余公积
一般风险准备
未分配利润
归属于母公司所有者权益
（或股东权益）合计
少数股东权益
所有者权益（或股东权
益）合计
负债和所有者权益
（或股东权益）总计

8,862,740,506.35

9,509,012,026.40

597,203,812.00
63,823,408.33

579,543,067.00
110,188,368.59

1,159,504,117.24

921,060,679.36

3,299,354.86

7,490,764.13

115,933,980.61

100,248,254.66

2,340,340,319.09
4,280,104,992.13

2,169,882,834.70
3,888,413,968.44

1,167,147,781.29
5,447,252,773.42

1,121,436,346.38
5,009,850,314.82

14,309,993,279.77

14,518,862,341.22

公司负责人：张诚栩 主管会计工作负责人：廖上林 会计机构负责人：李娜

母公司资产负债表
2023 年 12 月 31 日
编制单位:上海润达医疗科技股份有限公司
项目
流动资产：
货币资金
交易性金融资产
衍生金融资产
应收票据
应收账款
应收款项融资
预付款项
其他应收款
其中：应收利息
应收股利
存货
合同资产
持有待售资产
一年内到期的非流动资产
其他流动资产
流动资产合计
非流动资产：
债权投资

附注

2023 年 12 月 31 日

单位:元 币种:人民币
2022 年 12 月 31 日

421,214,363.54

474,649,426.30
50,000,000.00

6,646,331.95
1,320,810,853.41

1,673,943.08
1,248,760,979.92

582,237,837.82
325,973,156.96

593,680,636.96
195,102,769.78

71,264,477.00
383,639,633.70

55,355,291.60
578,741,657.59

22,156,200.00
70,134,663.53
3,132,813,040.91

10,890,000.00
153,291,113.89
3,306,790,527.52

88 / 332

润达医疗 2023 年年度报告

其他债权投资
长期应收款
长期股权投资
其他权益工具投资
其他非流动金融资产
投资性房地产
固定资产
在建工程
生产性生物资产
油气资产
使用权资产
无形资产
开发支出
商誉
长期待摊费用
递延所得税资产
其他非流动资产
非流动资产合计
资产总计
流动负债：
短期借款
交易性金融负债
衍生金融负债
应付票据
应付账款
预收款项
合同负债
应付职工薪酬
应交税费
其他应付款
其中：应付利息
应付股利
持有待售负债
一年内到期的非流动负债
其他流动负债
流动负债合计
非流动负债：
长期借款
应付债券
其中：优先股
永续债
租赁负债
长期应付款
长期应付职工薪酬
预计负债
递延收益
递延所得税负债
其他非流动负债

10,642,500.00
4,505,779,632.11
29,044,366.50

2,970,000.00
4,334,379,169.64
26,741,406.22

231,101,099.36
15,530,921.24

247,434,156.94
15,213,867.92

19,963,841.49
29,134,538.48

23,411,548.09
21,748,971.14

7,412,065.88
87,227,580.29
4,935,836,545.35
8,068,649,586.26

6,302,148.43
81,025,760.06
2,411,932.87
4,761,638,961.31
8,068,429,488.83

1,324,854,032.14

1,589,300,133.83

649,000,000.00
735,545,482.63
3,907,500.71
75,865,719.83
18,413,002.00
4,582,528.00
914,934,763.68

973,727,872.49
567,969,265.32
7,934,831.45
222,331,125.90
27,779,605.06
2,790,599.72
917,855,673.46

560,162,095.78
9,578,926.16
4,296,844,050.93

517,078,353.44
27,622,055.64
4,854,389,516.31

263,415,000.00
602,045,566.56

144,000,000.00
486,070,020.29

7,914,959.87
63,404,117.83

12,397,431.69
17,143,793.31

234,952.81
7,425,700.71
461,016.89

319,723.09
2,379,421.65
7,031,467.55

89 / 332

润达医疗 2023 年年度报告

非流动负债合计
负债合计
所有者权益（或股东权益）：
实收资本（或股本）
其他权益工具
其中：优先股
永续债
资本公积
减：库存股
其他综合收益
专项储备
盈余公积
未分配利润
所有者权益（或股东权
益）合计
负债和所有者权益
（或股东权益）总计

944,901,314.67
5,241,745,365.60

669,341,857.58
5,523,731,373.89

597,203,812.00
63,823,408.33

579,543,067.00
110,188,368.59

1,314,936,963.68

1,073,790,231.37

6,867,474.32

7,015,254.11

117,445,164.67
726,627,397.66
2,826,904,220.66

101,759,438.72
672,401,755.15
2,544,698,114.94

8,068,649,586.26

8,068,429,488.83

公司负责人：张诚栩 主管会计工作负责人：廖上林 会计机构负责人：李娜

合并利润表
2023 年 1—12 月
项目
一、营业总收入
其中：营业收入
利息收入
已赚保费
手续费及佣金收入
二、营业总成本
其中：营业成本
利息支出
手续费及佣金支出
退保金
赔付支出净额
提取保险责任准备金净额
保单红利支出
分保费用
税金及附加
销售费用
管理费用
研发费用
财务费用
其中：利息费用
利息收入
加：其他收益
投资收益（损失以“－”
号填列）

附注

90 / 332

单位:元 币种:人民币
2023 年度
2022 年度
9,147,372,720.28 10,494,418,694.58
9,147,372,720.28 10,494,418,694.58

8,651,993,462.15
6,715,744,820.25

9,643,284,402.50
7,557,066,737.67

47,071,452.31
916,574,496.87
508,780,760.73
147,139,845.42
316,682,086.57
334,043,326.10
22,940,044.19
31,050,783.49
231,999,165.67

38,435,136.14
1,036,710,394.62
541,262,109.28
146,219,073.35
323,590,951.44
317,922,873.38
8,230,961.57
42,642,910.80
137,047,924.31

润达医疗 2023 年年度报告

其中：对联营企业和合营
企业的投资收益
以摊余成本计量的
金融资产终止确认收益
汇兑收益（损失以“－”
号填列）
净敞口套期收益（损失以
“-”号填列）
公允价值变动收益（损失
以“－”号填列）
信用减值损失（损失以
“-”号填列）
资产减值损失（损失以
“-”号填列）
资产处置收益（损失以
“－”号填列）
三、营业利润（亏损以“－”号
填列）
加：营业外收入
减：营业外支出
四、利润总额（亏损总额以“－”
号填列）
减：所得税费用
五、净利润（净亏损以“－”号
填列）
（一）按经营持续性分类
1.持续经营净利润（净亏损
以“－”号填列）
2.终止经营净利润（净亏损
以“－”号填列）
（二）按所有权归属分类
1.归属于母公司股东的净利
润（净亏损以“-”号填列）
2.少数股东损益（净亏损以
“-”号填列）
六、其他综合收益的税后净额
（一）归属母公司所有者的其
他综合收益的税后净额
1．不能重分类进损益的其他
综合收益
（1）重新计量设定受益计划变
动额
（2）权益法下不能转损益的其
他综合收益
（3）其他权益工具投资公允价
值变动
（4）企业自身信用风险公允价
值变动
2．将重分类进损益的其他综
合收益
91 / 332

139,608,878.18

138,057,286.28

-88,900,920.89

-179,855,694.80

-34,499,655.61

-40,772,298.12

11,774,743.77

6,175,447.87

646,803,374.56

816,372,582.14

17,063,853.59
8,312,115.94
655,555,112.21

19,059,945.04
15,781,235.10
819,651,292.08

212,919,501.46
442,635,610.75

164,541,222.10
655,110,069.98

442,635,610.75

655,110,069.98

273,296,495.22

417,746,458.24

169,339,115.53

237,363,611.74

-4,516,751.45
-4,231,460.57

3,090,357.62
3,181,474.66

-1,834,872.59

3,861,428.92

-1,834,872.59

3,861,428.92

-2,396,587.98

-679,954.26

润达医疗 2023 年年度报告

（1）权益法下可转损益的其他
综合收益
（2）其他债权投资公允价值变
动
（3）金融资产重分类计入其他
综合收益的金额
（4）其他债权投资信用减值准
备
（5）现金流量套期储备
（6）外币财务报表折算差额
（7）其他
（二）归属于少数股东的其他
综合收益的税后净额
七、综合收益总额
（一）归属于母公司所有者的
综合收益总额
（二）归属于少数股东的综合
收益总额
八、每股收益：
（一）基本每股收益(元/股)
（二）稀释每股收益(元/股)

-2,396,587.98

-679,954.26

-285,290.88

-91,117.04

438,118,859.30
269,065,034.65

658,200,427.60
420,927,932.90

169,053,824.65

237,272,494.70

0.47
0.47

0.72
0.70

本期发生同一控制下企业合并的，被合并方在合并前实现的净利润为：0 元, 上期被合并方
实现的净利润为： 0 元。
公司负责人：张诚栩 主管会计工作负责人：廖上林 会计机构负责人：李娜
母公司利润表
2023 年 1—12 月
项目

附注

一、营业收入
减：营业成本
税金及附加
销售费用
管理费用
研发费用
财务费用
其中：利息费用
利息收入
加：其他收益
投资收益（损失以“－”号
填列）
其中：对联营企业和合营企
业的投资收益
以摊余成本计量的金
融资产终止确认收益
净敞口套期收益（损失以
“-”号填列）
公允价值变动收益（损失以
92 / 332

单位:元 币种:人民币
2023 年度
2022 年度
2,918,170,662.55 2,908,641,662.55
2,677,641,221.43 2,478,407,557.38
4,973,836.14
3,288,042.55
183,883,127.27
182,983,656.69
157,028,605.38
188,075,331.58
176,701,895.46
186,989,218.04
11,391,662.80
285,051.62
435,684,917.51

164,741,581.70
167,952,982.19
4,871,720.67
308,228.35
176,395,137.67

125,147,655.14

123,746,057.45

润达医疗 2023 年年度报告

“－”号填列）
信用减值损失（损失以“-”
号填列）
资产减值损失（损失以“-”
号填列）
资产处置收益（损失以“－”
号填列）
二、营业利润（亏损以“－”号填
列）
加：营业外收入
减：营业外支出
三、利润总额（亏损总额以“－”
号填列）
减：所得税费用
四、净利润（净亏损以“－”号填
列）
（一）持续经营净利润（净亏损
以“－”号填列）
（二）终止经营净利润（净亏损
以“－”号填列）
五、其他综合收益的税后净额
（一）不能重分类进损益的其他
综合收益
1.重新计量设定受益计划变
动额
2.权益法下不能转损益的其
他综合收益
3.其他权益工具投资公允价
值变动
4.企业自身信用风险公允价
值变动
（二）将重分类进损益的其他综
合收益
1.权益法下可转损益的其他
综合收益
2.其他债权投资公允价值变
动
3.金融资产重分类计入其他
综合收益的金额
4.其他债权投资信用减值准
备
5.现金流量套期储备
6.外币财务报表折算差额
7.其他
六、综合收益总额
七、每股收益：
（一）基本每股收益(元/股)
（二）稀释每股收益(元/股)

-3,539,490.41

-48,157,709.61

-5,448,916.22
6,918,518.75

4,632,961.66

151,842,058.12

24,324,110.72

4,983,798.65
1,016,196.70
155,809,660.07

3,696,370.36
1,996,298.50
26,024,182.58

1,851.22
155,807,808.85

-32,826,792.95
58,850,975.53

155,807,808.85

58,850,975.53

-147,779.79
-147,779.79

3,857,884.25
3,857,884.25

-147,779.79

3,857,884.25

155,660,029.06

62,708,859.78

0.27
0.27

0.10
0.10

公司负责人：张诚栩 主管会计工作负责人：廖上林 会计机构负责人：李娜
93 / 332

润达医疗 2023 年年度报告

合并现金流量表
2023 年 1—12 月
项目
一、经营活动产生的现金流量：
销售商品、提供劳务收到的
现金
客户存款和同业存放款项净
增加额
向中央银行借款净增加额
向其他金融机构拆入资金净
增加额
收到原保险合同保费取得的
现金
收到再保业务现金净额
保户储金及投资款净增加额
收取利息、手续费及佣金的
现金
拆入资金净增加额
回购业务资金净增加额
代理买卖证券收到的现金净
额
收到的税费返还
收到其他与经营活动有关的
现金
经营活动现金流入小计
购买商品、接受劳务支付的
现金
客户贷款及垫款净增加额
存放中央银行和同业款项净
增加额
支付原保险合同赔付款项的
现金
拆出资金净增加额
支付利息、手续费及佣金的
现金
支付保单红利的现金
支付给职工及为职工支付的
现金
支付的各项税费
支付其他与经营活动有关的
现金
经营活动现金流出小计
经营活动产生的现金流
量净额
二、投资活动产生的现金流量：
收回投资收到的现金

附注

2023年度

94 / 332

单位：元 币种：人民币
2022年度

10,607,711,647.84

9,933,186,383.72

13,401,004.95
245,538,115.03

22,046,914.21
149,271,575.92

10,866,650,767.82
7,866,952,084.50

10,104,504,873.85
8,277,366,869.17

753,508,303.65

877,824,150.94

560,159,951.22
956,307,636.90

531,471,987.11
846,702,025.51

10,136,927,976.27
729,722,791.55

10,533,365,032.73
-428,860,158.88

580,140,000.00

678,610,000.00

润达医疗 2023 年年度报告

取得投资收益收到的现金
处置固定资产、无形资产和
其他长期资产收回的现金净额
处置子公司及其他营业单位
收到的现金净额
收到其他与投资活动有关的
现金
投资活动现金流入小计
购建固定资产、无形资产和
其他长期资产支付的现金
投资支付的现金
质押贷款净增加额
取得子公司及其他营业单位
支付的现金净额
支付其他与投资活动有关的
现金
投资活动现金流出小计
投资活动产生的现金流
量净额
三、筹资活动产生的现金流量：
吸收投资收到的现金
其中：子公司吸收少数股东
投资收到的现金
取得借款收到的现金
收到其他与筹资活动有关的
现金
筹资活动现金流入小计
偿还债务支付的现金
分配股利、利润或偿付利息
支付的现金
其中：子公司支付给少数股
东的股利、利润
支付其他与筹资活动有关的
现金
筹资活动现金流出小计
筹资活动产生的现金流
量净额
四、汇率变动对现金及现金等
价物的影响
五、现金及现金等价物净增加
额
加：期初现金及现金等价物
余额
六、期末现金及现金等价物余
额

72,027,757.96
22,859,090.35

37,529,624.52
20,841,033.45

99,247,839.41
10,498,705.54
774,274,687.72
319,882,503.20

747,479,363.51
272,117,602.72

555,700,000.00

772,620,000.00

122,283,206.40

25,000,000.00

3,750,377.84

312,016.69

1,001,616,087.44
-227,341,399.72

1,070,049,619.41
-322,570,255.90

4,800,000.00
4,800,000.00
9,706,248,994.77
971,389,316.09

8,413,654,053.12
313,672,083.55

10,682,438,310.86
9,830,235,286.10
477,402,214.51

8,727,326,136.67
7,254,123,208.86
294,419,535.66

99,879,251.22

50,248,907.41

706,118,664.22

690,650,107.05

11,013,756,164.83
-331,317,853.97

8,239,192,851.57
488,133,285.10

-66,541.39

466,017.79

170,996,996.47

-262,831,111.89

442,290,704.82

705,121,816.71

613,287,701.29

442,290,704.82

公司负责人：张诚栩 主管会计工作负责人：廖上林 会计机构负责人：李娜

母公司现金流量表
95 / 332

润达医疗 2023 年年度报告

2023 年 1—12 月
项目
一、经营活动产生的现金流量：
销售商品、提供劳务收到的
现金
收到的税费返还
收到其他与经营活动有关的
现金
经营活动现金流入小计
购买商品、接受劳务支付的
现金
支付给职工及为职工支付的
现金
支付的各项税费
支付其他与经营活动有关的
现金
经营活动现金流出小计
经营活动产生的现金流量净
额
二、投资活动产生的现金流量：
收回投资收到的现金
取得投资收益收到的现金
处置固定资产、无形资产和
其他长期资产收回的现金净额
处置子公司及其他营业单位
收到的现金净额
收到其他与投资活动有关的
现金
投资活动现金流入小计
购建固定资产、无形资产和
其他长期资产支付的现金
投资支付的现金
取得子公司及其他营业单位
支付的现金净额
支付其他与投资活动有关的
现金
投资活动现金流出小计
投资活动产生的现金流
量净额
三、筹资活动产生的现金流量：
吸收投资收到的现金
取得借款收到的现金
收到其他与筹资活动有关的
现金
筹资活动现金流入小计
偿还债务支付的现金
分配股利、利润或偿付利息
支付的现金
支付其他与筹资活动有关的

附注

2023年度

96 / 332

单位:元 币种:人民币
2022年度

3,013,455,980.28

3,034,065,372.31

372,411,171.37

253,501,431.64

3,385,867,151.65
2,846,355,078.27

3,287,566,803.95
2,827,888,366.45

157,043,140.38

146,374,804.72

34,001,940.93
457,299,113.84

25,279,197.05
418,922,449.67

3,494,699,273.42
-108,832,121.77

3,418,464,817.89
-130,898,013.94

430,614,452.84
160,008,484.89
16,087,347.77

201,114,000.00
108,548,984.00
11,239,805.22

606,710,285.50
67,721,888.31

320,902,789.22
46,633,319.34

359,383,346.44

311,656,235.99

117,048.00

131,720.00

427,222,282.75
179,488,002.75

358,421,275.33
-37,518,486.11

5,762,861,551.91
488,450,000.00

4,060,823,620.07
7,154,200.00

6,251,311,551.91
5,620,257,708.68
263,347,898.31

4,067,977,820.07
3,653,369,528.26
129,597,077.19

439,045,191.70

221,804,798.42

润达医疗 2023 年年度报告

现金
筹资活动现金流出小计
筹资活动产生的现金流
量净额
四、汇率变动对现金及现金等
价物的影响
五、现金及现金等价物净增加
额
加：期初现金及现金等价物
余额
六、期末现金及现金等价物余
额

6,322,650,798.69
-71,339,246.78

4,004,771,403.87
63,206,416.20
-56,250.00

-683,365.80

-105,266,333.85

61,457,831.53

166,724,165.38

60,774,465.73

61,457,831.53

公司负责人：张诚栩 主管会计工作负责人：廖上林 会计机构负责人：李娜

97 / 332

