2023 年年度报告

二、财务报表
合并资产负债表
2023 年 12 月 31 日
编制单位: 贵州三力制药股份有限公司
项目
流动资产：
货币资金
交易性金融资产
衍生金融资产
应收票据
应收账款
应收款项融资
预付款项
其他应收款
其中：应收利息
应收股利
存货
合同资产
持有待售资产
一年内到期的非流动资产
其他流动资产
流动资产合计
非流动资产：
债权投资
其他债权投资
长期应收款
长期股权投资
其他权益工具投资
其他非流动金融资产
投资性房地产
固定资产
在建工程
生产性生物资产
油气资产
使用权资产
无形资产
开发支出
商誉
长期待摊费用
递延所得税资产
其他非流动资产
非流动资产合计
资产总计
流动负债：
短期借款
交易性金融负债
衍生金融负债

附注

2023 年 12 月 31 日

单位:元 币种:人民币
2022 年 12 月 31 日

注释 1
注释 2

571,372,247.89
51,500,000.00

570,883,770.14
59,909,087.64

注释 4
注释 5
注释 7
注释 8
注释 9

31,095,435.74
546,266,433.92
105,495,357.78
6,465,103.37
3,322,144.46
795,888.89

16,213,001.32
362,562,960.89
54,047,261.12
6,735,728.00
2,182,097.72

注释 10

175,724,948.92

98,076,042.80

注释 13

2,229,400.46
1,493,471,072.54

1,448,142.83
1,172,058,092.4

注释 17
注释 18

79,548.00
10,000,000.00

129,769,421.35

注释 21
注释 22

614,774,196.66
35,398.23

188,148,585.63
48,593,884.90

注释 25
注释 26

315,890.85
235,228,628.13

661,890.38
107,297,686.77

注释 27
注释 28
注释 29

554,606,134.60
856,269.16
11,083,969.36

161,658,316.25
1,537,035.14
6,894,507.57

1,426,980,034.99
2,920,451,107.53

644,561,327.99
1,816,619,420.45

255,324,036.80

205,000,000.00

注释 32

101/ 259

2023 年年度报告

应付票据
应付账款
注释 36
预收款项
合同负债
注释 38
应付职工薪酬
注释 39
应交税费
注释 40
其他应付款
注释 41
其中：应付利息
应付股利
持有待售负债
一年内到期的非流动负债
注释 43
其他流动负债
注释 44
流动负债合计
非流动负债：
长期借款
注释 45
应付债券
其中：优先股
永续债
租赁负债
注释 47
长期应付款
注释 48
长期应付职工薪酬
预计负债
递延收益
注释 51
递延所得税负债
注释 29
其他非流动负债
注释 52
非流动负债合计
负债合计
所有者权益（或股东权益）：
实收资本（或股本）
注释 53
其他权益工具
其中：优先股
永续债
资本公积
注释 55
减：库存股
注释 56
其他综合收益
专项储备
盈余公积
注释 59
一般风险准备
未分配利润
注释 60
归属于母公司所有者权益
（或股东权益）合计
少数股东权益
所有者权益（或股东权
益）合计
负债和所有者权益
（或股东权益）总计
公司负责人：张海

294,704,508.77

178,353,528.79

8,167,066.24
7,636,177.91
50,973,062.53
164,986,551.63

78,963,887.21
4,273,277.05
37,202,904.61
34,460,979.86

350.00

250.00

45,375,172.09
11,843,640.02
839,010,215.99

498,975.46
9,928,997.69
548,682,550.67

254,150,000.00

167,656.10
9,084,966.00

169,829.74
10,097,570.84

35,971,462.37
28,877,643.13
43,835,753.58
372,087,481.18
1,211,097,697.17

12,503,458.55
6,944,802.18
29,715,661.31
578,398,211.98

409,862,216.00

410,862,216.00

225,123,807.28
41,429,610.92

229,693,439.55
26,550,000.00

113,010,801.09

91,830,230.49

763,743,959.06

533,207,881.92

1,470,311,172.51

1,239,043,767.96

239,042,237.85

-822,559.49

1,709,353,410.36

1,238,221,208.47

2,920,451,107.53

1,816,619,420.45

主管会计工作负责人：张海
102/ 259

会计机构负责人：张红玉

2023 年年度报告

母公司资产负债表
2023 年 12 月 31 日
编制单位:贵州三力制药股份有限公司
项目
流动资产：
货币资金
交易性金融资产
衍生金融资产
应收票据
应收账款
应收款项融资
预付款项
其他应收款
其中：应收利息
应收股利
存货
合同资产
持有待售资产
一年内到期的非流动资产
其他流动资产
流动资产合计
非流动资产：
债权投资
其他债权投资
长期应收款
长期股权投资
其他权益工具投资
其他非流动金融资产
投资性房地产
固定资产
在建工程
生产性生物资产
油气资产
使用权资产
无形资产
开发支出
商誉
长期待摊费用
递延所得税资产
其他非流动资产
非流动资产合计
资产总计
流动负债：
短期借款
交易性金融负债
衍生金融负债

附注

2023 年 12 月 31 日

注释 1

注释 2

单位:元 币种:人民币
2022 年 12 月 31 日

269,086,008.94

520,150,956.05
59,909,087.64

16,194,133.32
310,152,026.48
59,510,181.14
362,592.09
3,558,598.92

16,006,620.82
327,439,896.52
54,047,261.12
4,725,300.39
28,732,235.45

103,957,880.64

74,582,919.80

3,765,883.61
766,587,305.14

注释 3

41,018,938.55
1,101,491,485.59
10,000,000.00

1,044,716.19
1,086,638,993.98

474,556,705.10

318,738,883.76

140,823,636.89
48,593,884.90

99,087.90
16,735,864.63

504,287.46
74,467,765.71

11,161,615.55

5,562,674.03

1,499,245,875.98
2,265,833,181.12

744,508,954.09
1,831,147,948.07

205,262,647.91

205,000,000.00

16,996,904.41
103/ 259

2023 年年度报告

应付票据
应付账款
249,884,915.16
预收款项
合同负债
4,496,065.75
应付职工薪酬
3,458,926.81
应交税费
31,168,724.62
其他应付款
14,723,606.33
其中：应付利息
应付股利
持有待售负债
一年内到期的非流动负债
45,325,404.05
其他流动负债
584,488.55
流动负债合计
571,901,683.59
非流动负债：
长期借款
254,150,000.00
应付债券
其中：优先股
永续债
租赁负债
长期应付款
长期应付职工薪酬
预计负债
递延收益
34,503,308.15
递延所得税负债
1,556,949.87
其他非流动负债
非流动负债合计
290,210,258.02
负债合计
862,111,941.61
所有者权益（或股东权益）：
实收资本（或股本）
409,862,216.00
其他权益工具
其中：优先股
永续债
资本公积
227,330,444.50
减：库存股
41,429,610.92
其他综合收益
专项储备
盈余公积
113,010,801.09
未分配利润
694,947,388.84
所有者权益（或股东权
1,403,721,239.51
益）合计
负债和所有者权益
2,265,833,181.12
（或股东权益）总计
公司负责人：张海 主管会计工作负责人：张海 会计机构负责人：张红玉

104/ 259

170,068,215.59
76,329,223.90
3,541,241.51
29,496,318.18
71,404,786.00
250.00
420,000.00
9,922,799.11
566,182,584.29

87,110.29

12,003,458.55
1,730,433.81
13,821,002.65
580,003,586.94
410,862,216.00

229,693,439.55
26,550,000.00

91,830,230.49
545,308,475.09
1,251,144,361.13
1,831,147,948.07

2023 年年度报告

合并利润表
2023 年 1—12 月
项目

注释 61

单位:元 币种:人民币
2023 年度
2022 年度
1,634,977,930.43 1,201,316,448.76
1,634,977,930.43 1,201,316,448.76

注释 61

1,361,931,402.55
436,311,103.24

985,211,833.06
339,504,724.79

16,604,501.60
792,684,602.34
86,525,557.56
30,611,129.01
-805,491.20
4,132,375.09
4,969,581.40
10,137,874.60
55,161,000.69
6,597,735.79

11,051,189.38
562,621,545.50
55,385,870.81
17,862,876.35
-1,214,373.77
5,240,349.10
6,514,416.36
9,106,420.60
11,049,345.52
11,144,789.22

-1,428,247.28
-1,677,358.33
588,970.06
335,828,767.62
1,369,223.47
3,175,519.49
334,022,471.60
39,152,842.74
294,869,628.86

-88,912.36
-10,441,555.18
-92,033.27
-88,865.66
225,549,015.35
1,044,277.27
4,034,212.45
222,559,080.17
30,620,613.27
191,938,466.90

附注

一、营业总收入
其中：营业收入
利息收入
二、营业总成本
其中：营业成本
利息支出
税金及附加
销售费用
管理费用
研发费用
财务费用
其中：利息费用
利息收入
加：其他收益
投资收益（损失以“－”号填列）
其中：对联营企业和合营企业的投资收益
以摊余成本计量的金融资产终止确认收益
汇兑收益（损失以“－”号填列）
净敞口套期收益（损失以“-”号填列）
公允价值变动收益（损失以“－”号填列）
信用减值损失（损失以“-”号填列）
资产减值损失（损失以“-”号填列）
资产处置收益（损失以“－”号填列）
三、营业利润（亏损以“－”号填列）
加：营业外收入
减：营业外支出
四、利润总额（亏损总额以“－”号填列）
减：所得税费用
五、净利润（净亏损以“－”号填列）
（一）按经营持续性分类
1.持续经营净利润（净亏损以“－”号填列）
2.终止经营净利润（净亏损以“－”号填列）
（二）按所有权归属分类
1.归属于母公司股东的净利润（净亏损以“-”号
填列）
2.少数股东损益（净亏损以“-”号填列）
六、其他综合收益的税后净额
（一）归属母公司所有者的其他综合收益的税后净
额
1．不能重分类进损益的其他综合收益
（1）重新计量设定受益计划变动额
（2）权益法下不能转损益的其他综合收益
（3）其他权益工具投资公允价值变动
（4）企业自身信用风险公允价值变动
2．将重分类进损益的其他综合收益
105/ 259

注释 62
注释 63
注释 64
注释 65
注释 66

注释 67
注释 68

注释 70
注释 71
注释 72
注释 73
注释 74
注释 75
注释 76

294,869,628.86

292,702,869.34
2,166,759.52

193,901,936.43
-1,963,469.53
201,284,234.02
-9,345,767.12

2023 年年度报告

（1）权益法下可转损益的其他综合收益
（2）其他债权投资公允价值变动
（3）金融资产重分类计入其他综合收益的金额
（4）其他债权投资信用减值准备
（5）现金流量套期储备
（6）外币财务报表折算差额
（7）其他
（二）归属于少数股东的其他综合收益的税后净额
七、综合收益总额
（一）归属于母公司所有者的综合收益总额
（二）归属于少数股东的综合收益总额
八、每股收益：
（一）基本每股收益(元/股)
（二）稀释每股收益(元/股)

294,869,628.86
292,702,869.34
2,166,759.52

191,938,466.90
201,284,234.02
-9,345,767.12

0.71
0.71

0.49
0.49

本期发生同一控制下企业合并的，被合并方在合并前实现的净利润为：0 元, 上期被合并方实现
的净利润为：0 元。
公司负责人：张海
主管会计工作负责人：张海
会计机构负责人：张红玉
母公司利润表
2023 年 1—12 月
项目
一、营业收入
减：营业成本
税金及附加
销售费用
管理费用
研发费用
财务费用
其中：利息费用
利息收入
加：其他收益
投资收益（损失以“－”号填列）
其中：对联营企业和合营企业的投资收益
以摊余成本计量的金融资产终止确认收益
净敞口套期收益（损失以“-”号填列）
公允价值变动收益（损失以“－”号填列）
信用减值损失（损失以“-”号填列）
资产减值损失（损失以“-”号填列）
资产处置收益（损失以“－”号填列）
二、营业利润（亏损以“－”号填列）
加：营业外收入
减：营业外支出
三、利润总额（亏损总额以“－”号填列）
减：所得税费用
四、净利润（净亏损以“－”号填列）
（一）持续经营净利润（净亏损以“－”号填列）
（二）终止经营净利润（净亏损以“－”号填列）
106/ 259

附注
注释 4
注释 4

注释 5

单位:元 币种:人民币
2023 年度
2022 年度
1,280,544,725.23 1,107,175,348.83
326,040,346.34
311,033,693.22
11,359,525.09
9,605,466.16
622,218,077.36
518,711,912.84
49,374,564.94
32,694,855.48
11,065,391.73
10,996,237.25
-643,102.93
-1,775,977.67
4,070,560.39
4,108,852.40
4,751,467.66
5,922,681.97
5,808,837.42
8,637,435.72
7,155,070.05
12,763,909.19
6,597,735.79
10,846,478.38

-16,996,904.41
936,417.48
-11,534.32
-10,000,273.15
248,021,535.77
100,543.25
2,554,114.20
245,567,964.82
33,762,258.87
211,805,705.95
211,805,705.95

-88,912.36
-4,904,164.78
-12,033.27
10,689.81
242,316,085.86
73,168.00
490,679.08
241,898,574.78
31,276,029.06
210,622,545.72
210,622,545.72

2023 年年度报告

五、其他综合收益的税后净额
（一）不能重分类进损益的其他综合收益
1.重新计量设定受益计划变动额
2.权益法下不能转损益的其他综合收益
3.其他权益工具投资公允价值变动
4.企业自身信用风险公允价值变动
（二）将重分类进损益的其他综合收益
1.权益法下可转损益的其他综合收益
2.其他债权投资公允价值变动
3.金融资产重分类计入其他综合收益的金额
4.其他债权投资信用减值准备
5.现金流量套期储备
6.外币财务报表折算差额
7.其他
六、综合收益总额
七、每股收益：
（一）基本每股收益(元/股)
（二）稀释每股收益(元/股)
公司负责人：张海

211,805,705.95

主管会计工作负责人：张海

210,622,545.72

会计机构负责人：张红玉

合并现金流量表
2023 年 1—12 月
项目
一、经营活动产生的现金流量：
销售商品、提供劳务收到的现金
收到的税费返还
收到其他与经营活动有关的现金
经营活动现金流入小计
购买商品、接受劳务支付的现金
支付给职工及为职工支付的现金
支付的各项税费
支付其他与经营活动有关的现金
经营活动现金流出小计
经营活动产生的现金流量净额
二、投资活动产生的现金流量：
收回投资收到的现金
取得投资收益收到的现金
处置固定资产、无形资产和其他长期资产收回
的现金净额
处置子公司及其他营业单位收到的现金净额
收到其他与投资活动有关的现金
投资活动现金流入小计
购建固定资产、无形资产和其他长期资产支付
的现金

附注

注释 78

注释 78

注释 78

107/ 259

单位：元 币种：人民币
2023年度
2022年度
1,603,835,553.51
4,433,146.80
57,206,084.92
1,665,474,785.23
348,753,272.03
217,487,969.17
179,745,821.50
642,786,316.86
1,388,773,379.56
276,701,405.67

1,298,034,297.9
196,630.77
19,812,073.24
1,318,043,001.94
295,824,902.06
157,538,697.96
116,235,221.59
455,158,281.31
1,024,757,102.92
293,285,899.02

1,452,722.91
2,047,594.00

1,919,430.81
176,732.52

221,498,000.00
224,998,316.91
108,734,738.53

649,066.54
98,000,000.00
100,745,229.87
119,905,875.02

2023 年年度报告

投资支付的现金
质押贷款净增加额
取得子公司及其他营业单位支付的现金净额
支付其他与投资活动有关的现金
投资活动现金流出小计
投资活动产生的现金流量净额
三、筹资活动产生的现金流量：
吸收投资收到的现金
其中：子公司吸收少数股东投资收到的现金
取得借款收到的现金
收到其他与筹资活动有关的现金
筹资活动现金流入小计
偿还债务支付的现金
分配股利、利润或偿付利息支付的现金
其中：子公司支付给少数股东的股利、利润
支付其他与筹资活动有关的现金
筹资活动现金流出小计
筹资活动产生的现金流量净额
四、汇率变动对现金及现金等价物的影响
五、现金及现金等价物净增加额
加：期初现金及现金等价物余额
六、期末现金及现金等价物余额
公司负责人：张海

10,000,000.00

注释 78

主管会计工作负责人：张海

543,037,791.71
177,006,944.20
838,779,474.44
-613,781,157.53

160,035,573.03
87,363,844.00
367,305,292.05
-266,560,062.18

120,000,000.00
120,000,000.00
504,000,000.00

3,800,000.00
3,800,000.00
205,000,000.00

624,000,000.00
205,000,000.00
50,919,690.65

208,800,000.00
200,000,000.00
8,924,810.42

30,449,610.92
286,369,301.57
337,630,698.43

208,924,810.42
-124,810.42

550,946.57
570,819,301.32
571,370,247.89

26,601,026.42
544,218,274.90
570,819,301.32

会计机构负责人：张红玉

母公司现金流量表
2023 年 1—12 月
项目
一、经营活动产生的现金流量：
销售商品、提供劳务收到的现金
收到的税费返还
收到其他与经营活动有关的现金
经营活动现金流入小计
购买商品、接受劳务支付的现金
支付给职工及为职工支付的现金
支付的各项税费
支付其他与经营活动有关的现金
经营活动现金流出小计
经营活动产生的现金流量净额
二、投资活动产生的现金流量：
收回投资收到的现金
取得投资收益收到的现金
处置固定资产、无形资产和其他长期资产收回
的现金净额
处置子公司及其他营业单位收到的现金净额
收到其他与投资活动有关的现金
投资活动现金流入小计

附注

108/ 259

单位:元 币种:人民币
2023年度
2022年度
1,324,117,748.60
549,728.89
50,138,325.91
1,374,805,803.40
289,726,039.11
157,484,346.86
153,553,795.77
557,444,385.66
1,158,208,567.40
216,597,236.00

1,197,847,435.42

487,555.00

1,919,430.81

711,300.00

101,000.00

87,361,844.00
88,560,699.00

98,000,000.00
100,020,430.81

68,132,554.80
1,265,979,990.22
272,170,644.87
117,192,492.66
109,309,384.46
428,019,607.82
926,692,129.81
339,287,860.41

2023 年年度报告

购建固定资产、无形资产和其他长期资产支付
的现金
投资支付的现金
取得子公司及其他营业单位支付的现金净额
支付其他与投资活动有关的现金
投资活动现金流出小计
投资活动产生的现金流量净额
三、筹资活动产生的现金流量：
吸收投资收到的现金
取得借款收到的现金
收到其他与筹资活动有关的现金
筹资活动现金流入小计
偿还债务支付的现金
分配股利、利润或偿付利息支付的现金
支付其他与筹资活动有关的现金
筹资活动现金流出小计
筹资活动产生的现金流量净额
四、汇率变动对现金及现金等价物的影响
五、现金及现金等价物净增加额
加：期初现金及现金等价物余额
六、期末现金及现金等价物余额
公司负责人：张海

主管会计工作负责人：张海

109/ 259

104,016,761.80

113,068,550.19

621,878,610.41

193,480,000.00

50,000.00
725,945,372.21
-637,384,673.21

87,363,844.00
393,912,394.19
-293,891,963.38

504,000,000.00
7,500,000.00
511,500,000.00
205,000,000.00
50,369,898.98
86,407,610.92
341,777,509.90
169,722,490.10

205,000,000.00

-251,064,947.11
520,150,956.05
269,086,008.94

41,471,086.61
478,679,869.44
520,150,956.05

205,000,000.00
200,000,000.00
8,924,810.42
208,924,810.42
-3,924,810.42

会计机构负责人：张红玉

