二、 财务报表 

编制单位:同方股份有限公司 

2023 年年度报告 

合并资产负债表 
2023 年 12 月 31 日 

项目 

附注 

2023 年 12 月 31 日 

2022 年 12 月 31 日 

单位:元币种:人民币 

流动资产： 

货币资金 

交易性金融资产 

衍生金融资产 

应收票据 

应收账款 

应收款项融资 

预付款项 

其他应收款 

其中：应收利息 

          应收股利 

存货 

合同资产 

持有待售资产 

一年内到期的非流动资产 

五、（一）、1 

五、（一）、2 

五、（一）、3 

五、（一）、4 

五、（一）、5 

五、（一）、6 

五、（一）、7 

五、（一）、8 

五、（一）、9 

5,999,375,312.68   

6,805,918,719.05   

1,100,898,566.45   

1,369,388,450.03   

0.00   

0.00   

142,463,667.97   

89,318,921.71   

6,501,965,383.62   

6,286,227,144.24   

0.00   

0.00   

739,972,843.83   

810,644,348.43   

1,308,173,705.74   

1,683,332,550.57   

3,690,403.58   

3,637,667.24   

297,775,000.00   

323,358,913.40   

7,724,069,419.32   

9,485,316,804.54   

2,171,845,437.95   

1,697,865,265.25   

4,964,233,751.82   

0.00   

0.00   

0.00   

其他流动资产 

五、（一）、10 

235,059,373.34   

310,228,074.43   

        流动资产合计 

非流动资产： 

债权投资 

其他债权投资 

长期应收款 

长期股权投资 

其他权益工具投资 

其他非流动金融资产 

投资性房地产 

固定资产 

在建工程 

生产性生物资产 

油气资产 

使用权资产 

无形资产 

开发支出 

商誉 

长期待摊费用 

递延所得税资产 

其他非流动资产 

        非流动资产合计 

五、（一）、11 

五、（一）、12 

五、（一）、13 

五、（一）、14 

五、（一）、15 

五、（一）、16 

五、（一）、17 

五、（一）、18 

五、（一）、19 

五、（一）、20 

五、（一）、21 

五、（一）、22 

五、（一）、23 

五、（一）、24 

98 

30,888,057,462.72   

28,538,240,278.25   

0.00   

0.00   

0.00   

0.00   

521,785,782.33   

609,081,552.13   

13,420,248,185.86   

13,850,992,897.05   

1,058,241,542.09   

1,105,667,074.57   

296,689,536.60   

146,587,817.54   

304,202,764.16   

73,508,648.66   

3,090,753,835.70   

3,746,035,454.55   

42,021,161.93   

50,483,697.49   

0.00   

0.00   

0.00   

0.00   

316,290,804.55   

348,292,401.79   

1,900,916,843.43   

1,800,351,329.99   

778,144,497.53   

1,181,527,901.09   

92,213,250.59   

29,162,191.54   

96,789,585.81   

48,710,317.33   

1,588,102,465.72   

1,317,759,501.05   

915,241,915.62   

1,063,509,428.34   

24,196,399,831.03   

25,596,912,554.01   

 
 
 
 
 
 
 
 
 
 
 
 
 资产总计  

流动负债：   
短期借款 

交易性金融负债 

衍生金融负债 

应付票据 

应付账款 

预收款项 

合同负债 

应付职工薪酬 

应交税费 

其他应付款 

其中：应付利息 

          应付股利 

持有待售负债 

  一年内到期的非流动负债 

其他流动负债 

        流动负债合计 

非流动负债： 

长期借款 

应付债券 

         其中：优先股 

               永续债 

租赁负债 

长期应付款 

预计负债 

递延收益 

递延所得税负债 

其他非流动负债 

        非流动负债合计 

负债合计 

所有者权益： 

股本 

其他权益工具 

         其中：优先股 

               永续债 

资本公积 

减：库存股 

其他综合收益 

专项储备 

盈余公积 

未分配利润 

2023 年年度报告 

55,084,457,293.75   

54,135,152,832.26   

五、（一）、26 

8,916,424,916.72   

12,267,635,250.06   

五、（一）、27 

五、（一）、28 

五、（一）、29 

五、（一）、30 

五、（一）、31 

五、（一）、32 

五、（一）、33 

五、（一）、34 

五、（一）、35 

五、（一）、36 

五、（一）、37 

五、（一）、38 

五、（一）、39 

五、（一）、40 

五、（一）、41 

五、（一）、42 

五、（一）、23 

五、（一）、43 

0.00   

0.00   

0.00   

0.00   

72,850,814.77   

243,246,244.11   

7,621,151,273.45   

7,660,105,734.05   

18,544,829.29   

18,063,458.78   

3,063,226,316.71   

3,430,503,523.41   

995,787,602.11   

1,028,337,094.26   

472,265,418.96   

972,463,584.32   

0.00   

718,939,007.84   

727,740,976.98   

0.00   

3,155,700.00   

3,229,012.32   

4,261,155,246.42   

0.00   

852,351,275.50   

4,232,813,505.49   

81,743,543.19   

115,428,260.43   

27,327,964,821.44   

30,442,813,055.41   

6,332,385,000.00   

1,869,758,027.78   

800,000,000.00   

0.00   

0.00   

0.00   

0.00   

0.00   

214,107,953.13   

267,634,498.31   

100,000.00   

26,410,515.19   

97,675,155.51   

53,657,429.86   

16,657,603.68   

32,153,331.24   

251,705,551.42   

41,481,184.82   

979,591,473.63   

1,245,435,976.64   

8,503,927,527.32   

3,724,826,173.89   

35,831,892,348.76   

34,167,639,229.30   

五、（一）、44 

3,350,297,713.00   

3,350,297,713.00   

0.00   

0.00   

0.00   

0.00   

0.00   

0.00   

五、（一）、45 

10,879,984,940.31 

11,053,429,725.18   

五、（一）、46 

五、（一）、47 

五、（一）、48 

五、（一）、49 

99 

0.00   

0.00   

-943,675,960.82   

-1,233,252,647.42   

4,442,337.71   

1,401,552.09   

1,336,109,716.65   

1,324,875,027.33   

-359,067,964.65   

407,120,601.87   

 
 
 
 
 
 
 
 
 
 
 
 
 
 
 
2023 年年度报告 

归属于母公司所有者权益合计 

少数所有者权益 

所有者权益合计 

 负债和所有者权益总计  

14,268,090,782.20   

14,903,871,972.05   

4,984,474,162.79   

5,063,641,630.91   

19,252,564,944.99   

19,967,513,602.96   

55,084,457,293.75   

54,135,152,832.26   

公司负责人：韩泳江         主管会计工作负责人：梁武全         会计机构负责人：梁武全 

100 

 
 
 
 
 
 
 
 
 
 
2023 年年度报告 

母公司资产负债表 
2023 年 12 月 31 日 

编制单位:同方股份有限公司 

资产  

附注 

2023 年 12 月 31 日 

2022 年 12 月 31 日 

单位:元币种:人民币 

流动资产： 

    货币资金 

    交易性金融资产 

    衍生金融资产 

    应收票据 

    应收账款 

    应收款项融资 

    预付款项 

    其他应收款 

         其中：应收利息 

               应收股利 

    存货 

    合同资产 

    持有待售的资产 

    一年内到期的非流动资产 

    其他流动资产 

        流动资产合计 

非流动资产： 

    长期应收款 

    长期股权投资 

    其他权益工具投资 

    其他非流动金融资产 

    投资性房地产 

    固定资产 

    在建工程 

    生产性生物资产 

    油气资产 

    使用权资产 

    无形资产 

    开发支出 

    商誉 

    长期待摊费用 

    递延所得税资产 

    其他非流动资产 

        非流动资产合计 

 资产总计  

流动负债： 

    短期借款 

926,085,385.37 

1,083,935,205.77 

0.00 

45,596,386.66 

1,484,627,531.86 

0.00 

780,760,091.12 

1,150,833,906.75 

0.00 

9,727,227.11 

1,287,328,051.44 

0.00 

十五、（一）、1 

十五、（一）、2 

10,110,714,438.76 

12,501,876,481.94 

138,677,042.26 

199,993,043.64 

0.00 

871,929,694.44 

703,572,032.01 

1,181,063,523.83 

1,557,718,800.00 

0.00 

5,747,951.75 

0.00 

386,583,913.40 

1,038,398,754.78 

618,834,053.18 

0.00 

0.00 

5,460,086.26 

17,237,738,298.27 

17,593,211,696.22 

十五、（一）、3 

16,094,581,607.39   

18,458,434,898.74 

0.00 

0.00 

36,540,000.00 

36,540,000.00 

0.00 

0.00 

678,672,748.90 

0.00 

0.00 

0.00 

7,122,942.30 

126,424,881.44 

141,430,085.46 

0.00 

10,961,487.95 

1,121,880,704.66 

67,073,568.72 

0.00 

0.00 

712,391,799.77 

860,719.68 

0.00 

0.00 

8,505,803.11 

125,565,469.82 

133,151,368.26 

0.00 

10,412,825.67 

658,942,706.15 

111,877,068.54 

18,284,688,026.82   

35,522,426,325.09   

20,256,682,659.74 

37,849,894,355.96 

7,814,524,861.09 

9,378,000,000.00 

101 

 
   
 
 
 
 
 
 
 
 
 
 
 
 
 
 
 
 
 
 
 
 
 
 
 
 
 
 
 
 
 
 
 
 
 
 
 
 
 
    交易性金融负债 

    衍生金融负债 

    应付票据 

    应付账款 

    预收款项 

    合同负债 

    应付职工薪酬 

    应交税费 

    其他应付款 

         其中：应付利息 

               应付股利 

    持有待售负债 

    一年内到期的非流动负债 

    其他流动负债 

        流动负债小计 

非流动负债：   

    长期借款 

    应付债券 

         其中：优先股 

               永续债 

    租赁负债 

    长期应付款 

    预计负债 

    递延收益 

    递延所得税负债 

    其他非流动负债 

        非流动负债小计 

负债合计 

所有者权益：     

    股本 

    其他权益工具 

         其中：优先股 

               永续债 

    资本公积 

    减：库存股 

    其他综合收益 

  专项储备 

    盈余公积 

    未分配利润 

所有者权益合计 

 负债和所有者权益总计  

2023 年年度报告 

102 

0.00 

0.00 

19,000,000.00 

3,500,269,584.19 

2,909,633.74 

373,139,642.77 

116,102,332.20 

11,945,128.89 

0.00 

0.00 

167,234,668.00 

3,021,482,817.52 

1,629,976.23 

403,674,986.90 

115,726,231.58 

20,269,038.57 

1,738,891,002.85 

4,189,863,304.88 

0.00 

0.00 

0.00 

0.00 

0.00 

0.00 

218,763,173.59 

30,799,788.77 

4,031,482,732.13 

30,027,376.77 

13,826,345,148.09 

21,359,391,132.58 

4,929,000,000.00 

800,000,000.00 

0.00 

0.00 

14,073.91 

100,000.00 

0.00 

5,492,815.32 

0.00 

1,841,747.57 

5,736,448,636.80 

19,562,793,784.89 

218,026,361.11 

- 

0.00 

0.00 

14,283.60 

100,000.00 

0.00 

8,942,421.38 

0.00 

4,244,861.05 

231,327,927.14 

21,590,719,059.72 

3,350,297,713.00 

3,350,297,713.00 

0.00 

0.00 

0.00 

0.00 

0.00 

0.00 

10,795,676,327.97   

11,303,014,867.43 

0.00 

0.00 

445,670,420.20 

350,221,529.99 

0.00 

1,334,991,728.27 

32,996,350.76 

15,959,632,540.20   

35,522,426,325.09   

0.00 

1,323,757,038.95 

-68,115,853.13 

16,259,175,296.24 

37,849,894,355.96 

 
 
 
 
 
 
 
 
 
 
 
 
 
 
 
 
 
 
 
 
 
 
 
 
 
 
 
 
 
 
 
 
 
 
 
 
 
 
 
 
 
2023 年年度报告 

公司负责人：韩泳江         主管会计工作负责人：梁武全         会计机构负责人：梁武全 

103 

 
 
 
 
 
 
2023 年年度报告 

合并利润表 
2023 年 1—12 月 

项目  

附注 

单位:元币种:人民币 

 2023 年 
（1-12 月）  

 2022 年 
（1-12 月）  

一、营业总收入 

二、营业总成本 

其中：营业成本 

        税金及附加 

        销售费用 

        管理费用 

        研发费用 

        财务费用 

        其中：利息费用 

              利息收入 

    加：其他收益 

       投资收益(损失以"-"填列) 

       其中：对联营企业和合营企业的投资收益 

       以摊余成本计量的金融资产终止确认收益 

       公允价值变动收益(损失以"-"填列) 

       信用减值损失(损失以"-"填列) 

       资产减值损失(损失以"-"填列) 

       资产处置收益（损失以“-”号填列） 

三、营业利润(亏损以"-"填列) 

    加：营业外收入 

    减：营业外支出 

四、利润总额(亏损总额以"-"填列) 

    减：所得税费用 

五、净利润(净亏损以"-"填列) 

（一）按经营持续性分类 

    1.持续经营净利润(净亏损以“-”号填列) 

    2.终止经营净利润(净亏损以“-”号填列) 

（二）按所有权归属分类 

    1.归属于母公司所有者的净利润 

    2.少数所有者损益 

六、其他综合收益的税后净额 

    归属母公司所有者的其他综合收益的税后净额 

      （一）以后不能重分类进损益的其他综合收益 

      1.重新计量设定受益计划变动额 

      2.权益法下不能转损益的其他综合收益 

      3.其他权益工具投资公允价值变动 

      4.企业自身信用风险公允价值变动 

五、（二）、1 

28,833,463,784.14 

23,761,348,566.75 

五、（二）、1 

五、（二）、2 

五、（二）、3 

五、（二）、4 

五、（二）、5 

五、（二）、6 

五、（二）、7 

五、（二）、8 

五、（二）、9 

五、（二）、10 

五、（二）、11 

五、（二）、12 

五、（二）、13 

五、（二）、14 

29,012,301,740.96 

24,220,504,399.96 

23,712,747,475.50 

18,863,962,731.05 

169,792,752.61 

144,379,416.59 

2,039,224,354.29 

2,058,835,292.47 

1,379,027,401.28 

1,273,328,984.73 

1,090,198,370.92 

1,093,314,210.53 

621,311,386.36 

786,683,764.59 

732,656,259.29 

995,788,506.34 

98,442,152.51 

179,853,789.02 

191,496,648.91 

142,949,635.55 

-139,859,122.23 

711,909,017.27 

-302,820,792.83 

121,125,762.93 

0.00 

0.00 

204,936,451.04 

-246,898,472.47 

-214,960,052.20 

-212,827,438.60 

-539,483,520.74 

-514,127,417.75 

-7,338,273.00 

28,229,633.41 

-684,045,825.04 

-549,920,875.80 

57,764,077.23 

70,705,562.07 

114,941,735.62 

88,917,194.92 

-741,223,483.43 

-568,132,508.65 

五、（二）、15 

7,402,634.14 

94,256,357.62 

-748,626,117.57 

-662,388,866.27 

-588,235,404.44 

-491,731,830.54 

-160,390,713.13 

-170,657,035.73 

-764,913,415.18 

-771,528,577.57 

16,287,297.61 

109,139,711.30 

五、（二）、16 

315,168,653.96 

39,028,170.14 

299,536,224.58 

9,747,202.53 

154,074,538.33 

-79,514,494.74 

0.00 

0.00 

108,114,665.68 

-82,151,970.77 

45,959,872.65 

2,637,476.03 

0.00 

0.00 

104 

 
 
 
 
 
 
 
 
 
 
 
 
 
 
 
 
 
 
 
2023 年年度报告 

      （二）以后将重分类进损益的其他综合收益 

      1.权益法下可转损益的其他综合收益 

      2.其他债权投资公允价值变动 

      3.金融资产重分类计入其他综合收益的金额 

      4.其他债权投资信用减值准备 

      5.现金流量套期储备 

      6.外币财务报表折算差额 

      7.其他 

    归属于少数所有者的其他综合收益的税后净额 

七、综合收益总额 

    归属于母公司所有者的综合收益总额 

    归属于少数所有者的综合收益总额 

八、每股收益   
  （一）基本每股收益 

  （二）稀释每股收益 

145,461,686.25 

89,261,697.27 

129,946,054.57 

105,503,448.99 

0.00 

0.00 

0.00 

0.00 

0.00 

0.00 

0.00 

0.00 

-13,137,282.16 

-16,241,751.72 

28,652,913.84 

0.00 

15,632,429.38 

29,280,967.61 

-433,457,463.61 

-623,360,696.13 

-465,377,190.60 

-761,781,375.04 

31,919,726.99 

138,420,678.91 

-0.2283 

-0.2283 

-0.2303 

-0.2303 

本期发生同一控制下企业合并的，被合并方在合并前实现的净利润为：0 元,上期被合并方实现的净利润为：0 元。 

公司负责人：韩泳江             主管会计工作负责人：梁武全                 会计机构负责人：梁武全 

105 

 
 
 
 
 
 
 
 
 
 
 
 
 
 
 
 
 
 
 
 
2023 年年度报告 

母公司利润表 
2023 年 1—12 月 

单位:元币种:人民币 

附注 

 2023 年 
（1-12 月）  

 2022 年 
（1-12 月）  

十五、（二）、1  4,014,977,373.82  4,431,250,981.13 
十五、（二）、1  3,585,546,943.81  4,051,621,160.74 

44,261,974.29 

38,078,971.41 

77,508,775.66 

134,380,954.33 

167,492,626.87 

184,686,589.01 

十五、（二）、2 

130,543,216.97 

46,601,186.52 

627,304,181.01 

604,590,960.20 

644,713,650.90 

817,158,210.63 

43,145,672.36 

58,143,505.85 

6,190,310.04 

3,004,405.42 

项目  

一、营业收入 

减：营业成本 

         税金及附加 

         销售费用 

         管理费用 

         研发费用 

         财务费用 

         其中：利息费用 

          利息收入 

加：其他收益 

         投资收益(损失以"-"填列) 

十五、（二）、3 

336,846,975.12  1,031,932,640.75 

         其中：对联营企业和合营企业的投资收益 

               以摊余成本计量的金融资产终止确认收益 

         公允价值变动收益(损失以"-"填列) 

         信用减值损失(损失以"-"填列) 

         资产减值损失(损失以"-"填列) 

         资产处置收益（损失以“-”号填列） 

二、营业利润(亏损以"-"填列) 

    加：营业外收入 

    减：营业外支出 

三、利润总额(亏损总额以"-"填列) 

    减：所得税费用 

四、净利润(净亏损以"-"填列) 

    （一）持续经营净利润(净亏损以“-”号填列) 

    （二）终止经营净利润(净亏损以“-”号填列) 

五、其他综合收益的税后净额 

      （一）以后不能重分类进损益的其他综合收益 

      1.重新计量设定受益计划变动额 

      2.权益法下不能转损益的其他综合收益 

      3.其他权益工具投资公允价值变动 

      4.企业自身信用风险公允价值变动 

      （二）以后将重分类进损益的其他综合收益 

      1.权益法下可转损益的其他综合收益 

      2.其他债权投资公允价值变动 

      3.金融资产重分类计入其他综合收益的金额 

      4.其他债权投资信用减值准备 

      5.现金流量套期储备 

106 

27,888,828.48 

57,332,487.96 

0.00 

0.00 

20,698,394.62 

201,093,718.13 

-68,217,884.13 

-104,824,068.26 

-32,768,553.55 

-7,256,152.71 

-1,328,754.96 

114,832.87 

-356,259,857.65 

495,356,535.12 

8,404,585.60 

34,050,144.30 

2,735,833.25 

1,246,874.48 

-350,591,105.30 

528,159,804.94 

-462,937,998.51 

97,646,901.92 

112,346,893.21 

430,512,903.02 

112,346,893.21 

430,512,903.02 

0.00 

0.00 

95,448,890.21 

-33,141,648.72 

0.00 

0.00 

0.00 

0.00 

0.00 

0.00 

0.00 

0.00 

0.00 

0.00 

95,448,890.21 

-33,141,648.72 

95,448,890.21 

-33,141,648.72 

0.00 

0.00 

0.00 

0.00 

0.00 

0.00 

0.00 

0.00 

 
 
 
 
 
 
 
 
 
 
 
 
 
 
 
 
 
 
 
 
 
 
 
 
 
 
 
 
 
 
 
 
 
 
2023 年年度报告 

      6.外币财务报表折算差额 

      7.其他 

六、综合收益总额 

0.00 

0.00 

0.00 

0.00 

207,795,783.42 

397,371,254.30 

公司负责人：韩泳江              主管会计工作负责人：梁武全              会计机构负责人：梁武全 

107 

 
 
 
 
 
 
 
 
 
 
2023 年年度报告 

合并现金流量表 
2023 年 1—12 月 

附注 

2023年度 

单位：元币种：人民币 
2022年度 

29,012,059,400.77 

23,215,049,798.14 

项目 
一、经营活动产生的现金流量： 
销售商品、提供劳务收到的

现金 

客户存款和同业存放款项净

增加额 

向中央银行借款净增加额 
向其他金融机构拆入资金净

增加额 

收到原保险合同保费取得的

现金 

收到再保业务现金净额 
保户储金及投资款净增加额 
收取利息、手续费及佣金的

现金 

拆入资金净增加额 
回购业务资金净增加额 
代理买卖证券收到的现金净

额 

收到的税费返还 
收到其他与经营活动有关的

五、（三）、2 

现金 

经营活动现金流入小计 
购买商品、接受劳务支付的

现金 

客户贷款及垫款净增加额 
存放中央银行和同业款项净

增加额 

支付原保险合同赔付款项的

现金 

拆出资金净增加额 
支付利息、手续费及佣金的

现金 

支付保单红利的现金 
支付给职工及为职工支付的

现金 

支付的各项税费 
支付其他与经营活动有关的

五、（三）、2 

现金 

经营活动现金流出小计 

经营活动产生的现金流

量净额 
二、投资活动产生的现金流量： 

收回投资收到的现金 
取得投资收益收到的现金 

343,033,725.60 

375,590,547.88 

777,339,385.73 

716,075,826.68 

30,132,432,512.10 

24,306,716,172.70 

22,037,116,380.28 

17,117,143,735.83 

4,298,678,503.92 

4,236,840,547.01 

1,358,778,831.47 

873,541,917.56 

2,292,745,305.94 

2,031,433,223.91 

29,987,319,021.61 

24,258,959,424.31 

145,113,490.49 

47,756,748.39 

五、（三）、1 

898,108,579.78 
97,320,886.05 

2,321,654,415.46 
184,713,147.86 

108 

 
 
 
 
 
 
 
 
 
 
 
 
 
 
 
 
 
 
 
 
 
 
 
 
 
 
 
 
 
 
 
 
 
 
 
 
 
 
 
 
 
 
 
 
 
 
 
 
 
 
 
 
 
 
 
 
 
 
2023 年年度报告 

处置固定资产、无形资产和
其他长期资产收回的现金净额 
处置子公司及其他营业单位

收到的现金净额 

43,810,369.03 

48,209,422.06 

五、（三）、1 

599,204,317.73 

1,233,239,216.08 

收到其他与投资活动有关的

五、（三）、2 

现金 

投资活动现金流入小计 
购建固定资产、无形资产和

其他长期资产支付的现金 

投资支付的现金 
质押贷款净增加额 
取得子公司及其他营业单位

支付的现金净额 

支付其他与投资活动有关的

五、（三）、2 

现金 

投资活动现金流出小计 

投资活动产生的现金流

量净额 
三、筹资活动产生的现金流量： 

吸收投资收到的现金 
其中：子公司吸收少数股东

投资收到的现金 

取得借款收到的现金 
收到其他与筹资活动有关的

现金 

筹资活动现金流入小计 

偿还债务支付的现金 
分配股利、利润或偿付利息

支付的现金 

其中：子公司支付给少数股

东的股利、利润 

五、（三）、2 

支付其他与筹资活动有关的

五、（三）、2 

现金 

筹资活动现金流出小计 

筹资活动产生的现金流

量净额 
四、汇率变动对现金及现金等
价物的影响 
五、现金及现金等价物净增加
额 

加：期初现金及现金等价物

余额 
六、期末现金及现金等价物余
额 

24,036,458.27 

70,148,317.64 

1,662,480,610.86 

3,857,964,519.10 

706,297,881.61 

794,528,401.31 

228,835.55 

23,855,797.24 

6,928,156.33 

0.00 

95,441.40 

23,121,720.66 

713,550,314.89 

841,505,919.21 

948,930,295.97 

3,016,458,599.89 

10,024,069.30 

2,800,000.00 

10,024,069.30 

2,800,000.00 

23,976,948,159.77 

16,234,141,701.69 

9,276,304.74 

104,081,186.53 

23,996,248,533.81 
23,583,841,296.47 

16,341,022,888.22 
21,814,080,914.00 

917,449,006.02 

1,247,725,834.74 

59,936,995.37 

107,140,145.20 

273,136,077.01 

904,511,423.71 

24,774,426,379.50 

23,966,318,172.45 

-778,177,845.69 

-7,625,295,284.23 

-13,919,229.98 

149,399,789.71 

301,946,710.79 

-4,411,680,146.24 

6,424,223,054.58 

10,835,903,200.82 

6,726,169,765.37 

6,424,223,054.58 

公司负责人：韩泳江主管会计工作负责人：梁武全会计机构负责人：梁武全 

109 

 
 
 
 
 
 
 
 
 
 
 
 
 
 
 
 
 
 
 
 
 
 
 
 
 
 
 
 
 
项目 
一、经营活动产生的现金流量： 
销售商品、提供劳务收到的

现金 

收到的税费返还 
收到其他与经营活动有关的

现金 

经营活动现金流入小计 
购买商品、接受劳务支付的

现金 

支付给职工及为职工支付的

现金 

支付的各项税费 
支付其他与经营活动有关的

现金 

经营活动现金流出小计 
经营活动产生的现金流量净

额 
二、投资活动产生的现金流量： 

收回投资收到的现金 
取得投资收益收到的现金 
处置固定资产、无形资产和
其他长期资产收回的现金净额 
处置子公司及其他营业单位

收到的现金净额 

收到其他与投资活动有关的

现金 

投资活动现金流入小计 
购建固定资产、无形资产和

其他长期资产支付的现金 

投资支付的现金 
取得子公司及其他营业单位

支付的现金净额 

支付其他与投资活动有关的

现金 

投资活动现金流出小计 

投资活动产生的现金流

量净额 
三、筹资活动产生的现金流量： 

吸收投资收到的现金 
取得借款收到的现金 
收到其他与筹资活动有关的

现金 

筹资活动现金流入小计 

偿还债务支付的现金 

2023 年年度报告 

母公司现金流量表 
2023 年 1—12 月 

附注 

2023年度 

2022年度 

单位:元币种:人民币 

3,345,065,601.35 

4,176,655,639.46 

1,224,328.64 

0.00 

218,749,951.30 

253,006,764.33 

3,565,039,881.29 

4,429,662,403.79 

3,070,212,377.93 

3,596,739,554.16 

233,763,614.99 

341,633,749.93 

119,808,995.24 

73,343,013.45 

245,007,644.54 

333,241,928.81 

3,668,792,632.70 

4,344,958,246.35 

-103,752,751.41 

84,704,157.44 

640,680,618.08 
206,759,754.60 

1,606,778,997.62 
537,392,568.02 

23,340.00 

22,092,960.93 

0.00 

0.00 

3,870,101,200.00 

3,827,133,415.77 

4,717,564,912.68 

5,993,397,942.34 

57,507,256.04 

85,098,062.94 

2,453,574,378.88 

1,189,931,360.08 

0.00 

0.00 

869,516,326.00 

3,292,000,000.00 

3,380,597,960.92 

4,567,029,423.02 

1,336,966,951.76 

1,426,368,519.32 

0.00 
17,416,836,720.00 

0.00 
11,298,000,000.00 

525,376,433.76 

3,263,707,476.40 

17,942,213,153.76 
17,139,330,000.00 

14,561,707,476.40 
14,070,000,000.00 

110 

 
 
 
 
 
 
 
 
 
 
 
 
 
 
 
 
 
 
 
 
 
 
 
 
 
 
 
 
分配股利、利润或偿付利息

支付的现金 

支付其他与筹资活动有关的

现金 

筹资活动现金流出小计 

筹资活动产生的现金流

量净额 
四、汇率变动对现金及现金等
价物的影响 
五、现金及现金等价物净增加
额 

加：期初现金及现金等价物

余额 
六、期末现金及现金等价物余
额 

2023 年年度报告 

763,609,477.57 

899,512,189.95 

1,145,718,438.71 

1,265,527,633.72 

19,048,657,916.28 

16,235,039,823.67 

-1,106,444,762.52 

-1,673,332,347.27 

-286,148.53 

158,895.50 

126,483,289.30 

-162,100,775.01 

774,761,032.71 

936,861,807.72 

901,244,322.01 

774,761,032.71 

公司负责人：韩泳江主管会计工作负责人：梁武全会计机构负责人：梁武全 

111 

 
 
 
 
 
 
 
 
 
 
 
 
 
 
