二、  财务报表 

2023 年年度报告 

合并资产负债表 
2023 年 12 月 31 日 

编制单位: 光明乳业股份有限公司 

项目 

附注 

2023 年 12 月 31 日 

单位:元  币种:人民币 
2022 年 12 月 31 日 

流动资产： 
货币资金 
交易性金融资产 
衍生金融资产 
应收账款 
预付款项 
其他应收款 
其中：应收利息 
应收股利 

存货 
持有待售资产 
其他流动资产 

流动资产合计 

非流动资产： 

长期股权投资 
其他权益工具投资 
其他非流动金融资产 
固定资产 
在建工程 
生产性生物资产 
使用权资产 
无形资产 
商誉 
长期待摊费用 
递延所得税资产 
其他非流动资产 

非流动资产合计 
资产总计 

流动负债： 
短期借款 
衍生金融负债 
应付账款 
合同负债 
应付职工薪酬 
应交税费 
其他应付款 
其中：应付利息 
应付股利 

（七）1 

（七）2 

（七）3 

（七）4 

（七）5 

（七）6 

（七）6 

（七）7 

（七）8 

（七）9 

（七）10 

（七）11 

（七）12 

（七）13 

（七）14 

（七）15 

（七）16 

（七）17 

（七）18 

（七）19 

（七）20 

（七）21 

（七）22 

（七）23 

（七）25 

（七）26 

（七）27 

（七）28 

（七）29 

一年内到期的非流动负债 
其他流动负债 

（七）30 

（七）32 

流动负债合计 

72 / 213 

3,287,200,944 
1,087,005 
117,804,593 
1,905,524,763 
435,534,407 
170,353,030 

3,567,106,707 
18,148,150 
217,150,664  
9,719,910,263  

86,000,941 
5,731,703  
106,674,160  
9,161,562,586  
312,754,939  
2,039,270,377  
931,266,451  
872,499,675  
749,597,898  
61,483,428  
115,798,279  
64,769,207  
14,507,409,644  
24,227,319,907 

1,756,937,715  
42,191,675  
3,112,497,790  
1,382,247,634  
458,627,185  
99,490,236  
2,126,084,753  

2,648,729,919  
1,183,793  
6,264,062  
2,268,473,106  
488,145,268  
62,921,742  

4,196,700,084  
18,148,150  
217,906,255  
9,908,472,379  

80,583,307  
2,235,782  
71,224,903  
8,598,421,348  
1,028,043,784  
1,863,712,671  
1,027,044,693  
786,110,067  
822,579,099  
24,068,086  
158,742,194  
81,098,387  
14,543,864,321 
24,452,336,700 

1,202,759,784  
82,669,915  
3,904,111,000  
1,068,375,399  
541,610,206  
147,300,711  
2,634,088,560  

23,397,701 
1,047,052,905  
172,446,944  
10,197,576,837  

22,007,981 
1,033,433,246  
120,168,123  
10,734,516,944  

 
 
 
 
 
 
 
 
 
 
 
 
 
 
2023 年年度报告 

（七）33 

（七）34 

（七）35 

（七）36 

（七）37 

（七）38 

（七）20 

（七）39 

（七）40 

（七）41 

（七）42 

（七）43 

（七）44 

（七）45 

非流动负债： 
长期借款 
应付债券 
其中：优先股 
永续债 

租赁负债 
长期应付款 
预计负债 
递延收益 
递延所得税负债 
其他非流动负债 

非流动负债合计 
负债合计 

所有者权益（或股东权益）： 

实收资本（或股本） 
资本公积 
减：库存股 
其他综合收益 
盈余公积 
未分配利润 
归属于母公司所有者权益

（或股东权益）合计 
少数股东权益 

所有者权益（或股东权

益）合计 

负债和所有者权益（或

股东权益）总计 

534,669,400 

201,789,375  
788,706,630  

793,032,243  
31,357,283  
14,129,760  
496,433,538  
205,534,818  
532,006,107  
2,607,163,149  
12,804,739,986 

1,378,473,763  
2,922,450,338  
193,200 
-157,291,087 
689,320,432  
4,089,701,599  

802,998,226  
19,680,863  
10,715,141  
502,267,618  
333,293,592  
510,115,880  
3,169,567,325 
13,904,084,269 

1,378,640,863  
2,922,599,097  
193,200 
-223,499,134 
689,320,432  
3,232,662,484  

8,922,461,845  

7,999,530,542  

2,500,118,076  

2,548,721,889  

11,422,579,921  

10,548,252,431  

24,227,319,907 

24,452,336,700 

公司负责人：黄黎明    主管会计工作负责人：赵健福    会计机构负责人：章韬 

母公司资产负债表 
2023 年 12 月 31 日 

编制单位:光明乳业股份有限公司   

项目 

附注 

2023 年 12 月 31 日 

单位:元  币种:人民币 
2022 年 12 月 31 日 

流动资产： 
货币资金 
交易性金融资产 
衍生金融资产 
应收账款 
预付款项 
其他应收款 
其中：应收利息 
应收股利 

存货 
持有待售资产 
其他流动资产 

996,506,704 

482,265,437 

3,116,890,544  
170,650,586  
3,179,129,235  

3,086,339,695  
102,669,444  
2,618,952,045  

167,834,534 
353,851,050  
18,148,150  
35,645,674  

347,719,528  
18,148,150  
6,568,492  

73 / 213 

 
 
 
 
 
 
 
 
 
 
 
 
 
 
 
 
 
 
 
 
 
 
 
 
 
 
 
 
 
 
 
 
 
 
流动资产合计 

非流动资产： 

长期股权投资 
其他权益工具投资 
其他非流动金融资产 
固定资产 
在建工程 
生产性生物资产 
使用权资产 
无形资产 
商誉 
长期待摊费用 
递延所得税资产 
其他非流动资产 

非流动资产合计 
资产总计 

流动负债： 
短期借款 
衍生金融负债 
应付账款 
合同负债 
应付职工薪酬 
应交税费 
其他应付款 
其中：应付利息 
应付股利 

一年内到期的非流动负债 
其他流动负债 

流动负债合计 

非流动负债： 
长期借款 
应付债券 
其中：优先股 
永续债 

租赁负债 
长期应付款 
预计负债 
递延收益 
递延所得税负债 
其他非流动负债 

非流动负债合计 
负债合计 

所有者权益（或股东权益）： 

实收资本（或股本） 
资本公积 
减：库存股 
其他综合收益 
盈余公积 

2023 年年度报告 

7,870,821,943  

6,662,662,791 

6,819,813,351 

6,851,143,850 

52,962,512  
564,336,819  
8,545,197  

22,961,202  
186,540,746  

2,099,142 
7,657,258,969 
15,528,080,912 

13,407,024  
2,732,221,601  
632,115,120  
182,482,377  
18,172,502  
3,264,856,196  

25,875,490  
610,172,611  
78,720,767  

37,898,616  
105,853,266  

106,964,929  
1,744,000  
7,818,373,529  
14,481,036,320 

12,901,266  
2,737,908,342  
447,718,510  
236,865,686  
23,669,052  
2,875,027,651  

10,475,313  
83,067,089  
6,936,797,222  

7,688,661  
46,826,894  
6,388,606,062  

6,000,000 

6,000,000 

10,764,545 
193,200 

29,989,310  
193,200  

465,307,453 

461,731,662 

482,265,198 
7,419,062,420 

497,914,172 
6,886,520,234 

1,378,473,763  
3,342,263,371  
193,200 

1,378,640,863  
3,342,881,641  
193,200 

689,320,432  

689,320,432 

74 / 213 

 
 
 
 
 
 
 
 
 
 
 
 
 
 
 
 
 
 
 
 
 
 
 
 
 
 
 
 
 
 
 
 
 
 
 
 
 
 
 
 
 
 
 
 
 
 
 
 
 
 
 
 
 
 
 
 
 
 
 
 
 
 
 
 
 
 
 
 
 
 
 
 
 
 
2023 年年度报告 

未分配利润 

所有者权益（或股东权益）

合计 

负债和所有者权益（或股

东权益）总计 

2,699,154,126  

2,183,866,350 

8,109,018,492  

7,594,516,086 

15,528,080,912 

14,481,036,320 

公司负责人：黄黎明      主管会计工作负责人：赵健福    会计机构负责人：章韬 

合并利润表 
2023 年 1—12 月 

附注 
（七）46 

（七）46 

（七）47 

（七）48 

（七）49 

（七）50 

（七）51 

（七）52 

（七）53 

单位:元  币种:人民币 

2023 年度 

2022 年度 

26,485,200,199 
26,485,200,199 
25,761,255,785 
21,279,242,476 
92,840,686 
3,181,938,505 
886,162,411 
86,199,335 
234,872,372 
204,136,377 
35,140,963 
46,811,104 

28,214,908,036 
28,214,908,036 
27,639,328,079 
22,952,053,914 
92,738,113 
3,473,565,933 
878,386,807 
84,661,532 
157,921,780 
159,883,967 
39,270,847 
65,693,454 

5,417,634 

-14,353,204 

5,417,634 

-8,276,473 

（七）54 

6,992,560 

-6,894,747 

（七）55 

7,932,416 

58,866,826 

（七）56 

-347,557,427 

-171,591,204 

（七）57 

447,968,366 

33,907,765 

891,509,067 
89,889,882 
165,016,296 

541,208,847 
40,423,563 
83,727,734 

816,382,653 

497,904,676 

-14,182,404 
830,565,057 

106,747,742 
391,156,934 

830,565,057 

391,156,934 

项目 

一、营业总收入 
其中：营业收入 
二、营业总成本 
其中：营业成本 

税金及附加 
销售费用 
管理费用 
研发费用 
财务费用 
其中：利息费用 
利息收入 

加：其他收益 

投资收益（损失以“－”号填

列） 

其中：对联营企业和合营企业

的投资收益 

公允价值变动收益（损失以

“－”号填列） 

信用减值损失（损失以“-”

号填列） 

资产减值损失（损失以“-”

号填列） 

资产处置收益（损失以“－”

号填列） 
三、营业利润（亏损以“－”号填列） 

加：营业外收入 
减：营业外支出 

（七）58 

（七）59 

四、利润总额（亏损总额以“－”号
填列） 

减：所得税费用 

（七）60 

五、净利润（净亏损以“－”号填列） 
（一）按经营持续性分类 

1.持续经营净利润（净亏损以

“－”号填列） 

2.终止经营净利润（净亏损以

75 / 213 

 
 
 
 
 
 
 
 
 
 
 
 
 
 
 
 
 
 
 
“－”号填列） 
（二）按所有权归属分类 

1.归属于母公司股东的净利润

（净亏损以“-”号填列） 

2.少数股东损益（净亏损以“-”

号填列） 
六、其他综合收益的税后净额 

（一）归属母公司所有者的其他综

合收益的税后净额 

1．不能重分类进损益的其他综

合收益 

（1）重新计量设定受益计划变动

额 

（2）权益法下不能转损益的其他

综合收益 

2．将重分类进损益的其他综合

收益 

（1）现金流量套期储备 
（2）外币财务报表折算差额 
（二）归属于少数股东的其他综合

收益的税后净额 
七、综合收益总额 

（一）归属于母公司所有者的综合

收益总额 

（二）归属于少数股东的综合收益

总额 
八、每股收益： 

（一）基本每股收益(元/股) 
（二）稀释每股收益(元/股) 

2023 年年度报告 

967,330,384 

360,688,178 

-136,765,327 

30,468,756 

（七）61 

173,295,791 

34,909,758 

66,208,047 

-4,508,701 

66,208,047 

-4,508,701 

44,496,440 
21,711,607 

8,699,158 
-13,207,859 

107,087,744 

39,418,459 

1,003,860,848 

426,066,692 

1,033,538,431 

356,179,477 

-29,677,583 

69,887,215 

0.70 
0.70 

0.26 
0.26 

公司负责人：黄黎明      主管会计工作负责人：赵健福    会计机构负责人：章韬 

母公司利润表 
2023 年 1—12 月 

项目 

一、营业收入 

减：营业成本 

附注 
（十九）4 

（十九）4 

税金及附加 
销售费用 
管理费用 
研发费用 
财务费用 
其中：利息费用 
利息收入 

加：其他收益 

投资收益（损失以“－”号填

列） 

单位:元  币种:人民币 

2023 年度 

2022 年度 

11,530,513,505 
9,913,745,490 
23,568,201 
1,070,740,960 
250,262,144 
56,025,003 
-4,131,982 
931,315 
5,435,120 
6,132,174 

12,565,006,121 
10,737,020,916 
26,623,226 
1,325,505,018 
312,323,519 
54,094,637 
-12,372,410 
873,586 
13,714,665 
12,823,001 

（十九）5 

188,162,474 

189,326,987 

76 / 213 

 
 
 
 
 
 
 
 
 
 
 
 
 
 
 
 
 
 
 
 
 
 
 
 
 
 
 
 
 
 
 
 
2023 年年度报告 

其中：对联营企业和合营企业

的投资收益 

公允价值变动收益（损失以

“－”号填列） 

信用减值损失（损失以“-”

号填列） 

资产减值损失（损失以“-”

号填列） 

资产处置收益（损失以“－”

号填列） 
二、营业利润（亏损以“－”号填列） 

加：营业外收入 
减：营业外支出 

三、利润总额（亏损总额以“－”号
填列） 

减：所得税费用 

四、净利润（净亏损以“－”号填列）   
（一）持续经营净利润（净亏损以

“－”号填列） 

（二）终止经营净利润（净亏损以

“－”号填列） 
五、其他综合收益的税后净额 
六、综合收益总额 

5,374,589 

4,315,803 

26,581,264 

3,706,803 

-59,297,644 

-286,527,670 

-61,903,640 

-31,010,447 

425,176,593 

745,154,910 
2,209,948 
12,516,825 

10,129,889 
151,011,647 
13,002,348 

734,848,033 

148,139,188 

109,268,988 
625,579,045 

2,684,952 
145,454,236 

625,579,045 

145,454,236 

625,579,045 

145,454,236 

公司负责人：黄黎明    主管会计工作负责人：赵健福     会计机构负责人：章韬 

合并现金流量表 
2023 年 1—12 月 

项目 

附注 

单位：元  币种：人民币 
2022年度 

2023年度 

一、经营活动产生的现金流量： 

销售商品、提供劳务收到的现金 
收到的税费返还 
收到其他与经营活动有关的现金 

经营活动现金流入小计 

购买商品、接受劳务支付的现金 
支付给职工及为职工支付的现金 
支付的各项税费 
支付其他与经营活动有关的现金 

经营活动现金流出小计 

（七）62(1) 

（七）62(1) 

经营活动产生的现金流量净额 

（七）63(1) 

二、投资活动产生的现金流量： 

取得投资收益收到的现金 
处置固定资产、无形资产和其他长期资产收

回的现金净额 

30,379,439,869 

172,915,591 
30,552,355,460 
22,117,409,084 
4,191,444,800 
362,354,764 
2,416,796,855 
29,088,005,503 
1,464,349,957 

33,126,994,541 
34,589,036 
222,965,280 
33,384,548,857 
26,413,442,378 
3,459,689,924 
659,840,545 
2,184,438,682 
32,717,411,529 
667,137,328 

4,843,430 

536,360,279 

278,640,432 

处置子公司及其他营业单位收到的现金净  

30,310,000 

77 / 213 

 
 
 
 
 
 
 
 
 
 
 
 
 
 
 
 
 
 
 
 
 
 
 
 
 
 
 
 
 
 
 
 
 
 
 
 
2023 年年度报告 

额 

收到其他与投资活动有关的现金 

投资活动现金流入小计 

购建固定资产、无形资产和其他长期资产支

付的现金 

投资支付的现金 
取得子公司及其他营业单位支付的现金净

额 

支付其他与投资活动有关的现金 

投资活动现金流出小计 

投资活动产生的现金流量净额 

三、筹资活动产生的现金流量： 

吸收投资收到的现金 
其中：子公司吸收少数股东投资收到的现金   
取得借款收到的现金 
收到其他与筹资活动有关的现金 

筹资活动现金流入小计 

偿还债务支付的现金 
分配股利、利润或偿付利息支付的现金 
其中：子公司支付给少数股东的股利、利润   
支付其他与筹资活动有关的现金 

筹资活动现金流出小计 

筹资活动产生的现金流量净额 
四、汇率变动对现金及现金等价物的影响 
五、现金及现金等价物净增加额 

加：期初现金及现金等价物余额 

六、期末现金及现金等价物余额 

（七）62(3) 

（七）63(4) 

（七）63(4) 

566,670,279 

283,483,862 

908,185,519 

1,386,014,807 

3,486,802 

911,672,321 
-345,002,042 

1,386,014,807 
-1,102,530,945 

2,750,279,706 

2,347,822,176 

2,750,279,706 
2,604,007,868 
287,908,079 
11,306,402 
354,743,415 
3,246,659,362 
-496,379,656 
1,838,551 
624,806,810 
2,648,729,919 
3,273,536,729 

2,347,822,176 
1,799,823,889 
347,735,422 
12,638,600 
326,743,736 
2,474,303,047 
-126,480,871 
7,491,066 
-554,383,422 
3,203,113,341 
2,648,729,919 

公司负责人：黄黎明     主管会计工作负责人：赵健福    会计机构负责人：章韬 

母公司现金流量表 
2023 年 1—12 月 

项目 

附注 

2023年度 

2022年度 

单位:元  币种:人民币 

一、经营活动产生的现金流量： 

销售商品、提供劳务收到的现金 
收到的税费返还 
收到其他与经营活动有关的现金 

经营活动现金流入小计 

购买商品、接受劳务支付的现金 
支付给职工及为职工支付的现金 
支付的各项税费 
支付其他与经营活动有关的现金 

经营活动现金流出小计 

经营活动产生的现金流量净额 
二、投资活动产生的现金流量： 

取得投资收益收到的现金 

12,741,551,686 

33,583,742 
12,775,135,428 
10,786,752,908 
938,752,107 
188,814,524 
449,834,526 
12,364,154,065 
410,981,363 

13,796,891,034 
831,245 
98,442,128 
13,896,164,407 
11,781,129,782 
862,560,093 
256,521,805 
1,309,940,406 
14,210,152,086 
-313,987,679 

14,953,351 

249,425,569 

78 / 213 

 
 
 
 
 
 
 
 
 
 
 
 
 
 
 
 
 
 
 
 
 
 
 
 
 
 
 
 
 
 
 
 
 
 
 
 
 
 
 
 
 
 
 
 
 
 
 
2023 年年度报告 

处置固定资产、无形资产和其他长期资产收

回的现金净额 

处置子公司及其他营业单位收到的现金净

额 

收到其他与投资活动有关的现金 

投资活动现金流入小计 

购建固定资产、无形资产和其他长期资产支

付的现金 

投资支付的现金 
取得子公司及其他营业单位支付的现金净

额 

支付其他与投资活动有关的现金 

投资活动现金流出小计 

投资活动产生的现金流量净额 

三、筹资活动产生的现金流量： 

吸收投资收到的现金 
取得借款收到的现金 
收到其他与筹资活动有关的现金 

筹资活动现金流入小计 

偿还债务支付的现金 
分配股利、利润或偿付利息支付的现金 
支付其他与筹资活动有关的现金 

筹资活动现金流出小计 

筹资活动产生的现金流量净额 
四、汇率变动对现金及现金等价物的影响 
五、现金及现金等价物净增加额 

加：期初现金及现金等价物余额 

六、期末现金及现金等价物余额 

304,557,039 

16,817,779 

319,510,390 

266,243,348 

89,761,374 

65,693,149 

1,744,000 

1,358,145,267 

89,761,374 
229,749,016 

1,425,582,416 
-1,159,339,068 

110,291,269 
26,355,900 
136,647,169 
-136,647,169 

504,083,210 
482,265,437 
986,348,647 

220,582,538 
19,695,507 
240,278,045 
-240,278,045 

-1,713,604,792 
2,195,870,229 
482,265,437 

公司负责人：黄黎明 主管会计工作负责人：赵健福 会计机构负责人：章韬 

79 / 213 

 
 
 
 
 
 
 
 
 
 
 
 
 
 
 
 
 
 
 
 
 
 
 
 
 
 
 
 
 
 
 
 
 
 
 
 
 
 
 
 
 
 
 
 
 
 
 
 
 
