2023 年年度报告 

(四) 对管理层使用持续经营假设的恰当性得出结论。同时，根据获取的审计证据，就可能导

致对华海药业公司持续经营能力产生重大疑虑的事项或情况是否存在重大不确定性得出结论。如

果我们得出结论认为存在重大不确定性，审计准则要求我们在审计报告中提请报表使用者注意财

务报表中的相关披露；如果披露不充分，我们应当发表非无保留意见。我们的结论基于截至审计

报告日可获得的信息。然而，未来的事项或情况可能导致华海药业公司不能持续经营。 

(五) 评价财务报表的总体列报、结构和内容，并评价财务报表是否公允反映相关交易和事项。 

(六) 就华海药业公司中实体或业务活动的财务信息获取充分、适当的审计证据，以对财务报

表发表审计意见。我们负责指导、监督和执行集团审计，并对审计意见承担全部责任。 

我们与治理层就计划的审计范围、时间安排和重大审计发现等事项进行沟通，包括沟通我们

在审计中识别出的值得关注的内部控制缺陷。 

我们还就已遵守与独立性相关的职业道德要求向治理层提供声明，并与治理层沟通可能被合

理认为影响我们独立性的所有关系和其他事项，以及相关的防范措施（如适用）。 

从与治理层沟通过的事项中，我们确定哪些事项对本期财务报表审计最为重要，因而构成关

键审计事项。我们在审计报告中描述这些事项，除非法律法规禁止公开披露这些事项，或在极少

数情形下，如果合理预期在审计报告中沟通某事项造成的负面后果超过在公众利益方面产生的益

处，我们确定不应在审计报告中沟通该事项。 

天健会计师事务所（特殊普通合伙） 

中国注册会计师：林旺 

（项目合伙人） 

中国·杭州 

中国注册会计师：王建 

  二〇二四年四月二十六日 

二、 财务报表 

合并资产负债表 
2023 年 12 月 31 日 

编制单位: 浙江华海药业股份有限公司 

项目 

附注 

2023 年 12 月 31 日 

2022 年 12 月 31 日 

单位:元  币种:人民币 

流动资产： 
货币资金 
结算备付金 
拆出资金 
交易性金融资产 
衍生金融资产 
应收票据 
应收账款 
应收款项融资 
预付款项 
应收保费 
应收分保账款 

1,342,428,316.73 

1,365,152,641.03 

93,041,674.23 

143,069,033.73 

2,481,198,061.90 
75,643,999.86 
61,645,517.86 

2,665,335,476.17 
166,141,754.12 
72,379,445.61 

103 / 245 

 
 
 
 
 
 
 
 
 
 
 
 
 
 
 
 
 
 
 
 
 
 
 
 
 
 
 
 
 
 
应收分保合同准备金 
其他应收款 
其中：应收利息 
应收股利 

买入返售金融资产 
存货 
合同资产 
持有待售资产 
一年内到期的非流动资产 
其他流动资产 

流动资产合计 

非流动资产： 

发放贷款和垫款 
债权投资 
其他债权投资 
长期应收款 
长期股权投资 
其他权益工具投资 
其他非流动金融资产 
投资性房地产 
固定资产 
在建工程 
生产性生物资产 
油气资产 
使用权资产 
无形资产 
开发支出 
商誉 
长期待摊费用 
递延所得税资产 
其他非流动资产 

非流动资产合计 
资产总计 

流动负债： 
短期借款 
向中央银行借款 
拆入资金 
交易性金融负债 
衍生金融负债 
应付票据 
应付账款 
预收款项 
合同负债 
卖出回购金融资产款 
吸收存款及同业存放 
代理买卖证券款 
代理承销证券款 
应付职工薪酬 

2023 年年度报告 

28,397,921.55 

47,430,479.44 

3,432,132,350.93 

3,374,697,311.70 

107,210,953.19 
7,621,698,796.25 

72,969,379.83 
7,907,175,521.63 

417,871,184.53 
55,361.17 
367,318,727.28 
6,167,860.14 
5,619,570,412.87 
2,316,895,370.32 

387,570,881.96 
7,534,913.40 
468,068,021.45 
6,683,074.33 
4,431,858,698.72 
2,802,561,847.13 

57,577,685.86 
1,113,059,428.02 
796,284,582.75 
64,445,908.06 
46,756,465.53 
171,989,082.31 
278,747.75 
10,978,270,816.59 
18,599,969,612.84 

72,565,583.79 
1,072,247,940.79 
711,503,467.96 
70,902,204.16 
26,378,557.05 
183,904,885.45 
2,781,884.36 
10,244,561,960.55 
18,151,737,482.18 

1,582,547,399.16 

1,396,597,666.07 

3,519,394.27 

442,950,342.85 
943,806,041.31 

349,947,330.36 
852,668,953.06 

33,509,357.44 

67,696,626.32 

270,518,727.94 

261,978,316.12 

104 / 245 

 
 
 
 
 
 
 
 
 
 
 
 
 
 
 
 
 
 
 
 
 
 
 
 
 
 
 
 
 
 
 
 
 
 
 
 
 
 
 
 
 
 
 
 
 
 
 
 
 
 
 
 
 
 
 
 
 
 
 
 
 
 
 
 
 
 
 
 
 
 
 
 
 
 
 
 
 
 
 
 
 
 
 
 
 
 
 
 
 
 
应交税费 
其他应付款 
其中：应付利息 
应付股利 

应付手续费及佣金 
应付分保账款 
持有待售负债 
一年内到期的非流动负债 
其他流动负债 

流动负债合计 

非流动负债： 

保险合同准备金 
长期借款 
应付债券 
其中：优先股 
永续债 

租赁负债 
长期应付款 
长期应付职工薪酬 
预计负债 
递延收益 
递延所得税负债 
其他非流动负债 

非流动负债合计 
负债合计 

所有者权益（或股东权益）： 

实收资本（或股本） 
其他权益工具 
其中：优先股 
永续债 

资本公积 
减：库存股 
其他综合收益 
专项储备 
盈余公积 
一般风险准备 
未分配利润 
归属于母公司所有者权益（或

股东权益）合计 
少数股东权益 

所有者权益（或股东权益）

合计 

负债和所有者权益（或股

东权益）总计 

2023 年年度报告 

163,172,665.54 
646,780,812.69 

399,449,872.60 
687,727,074.28 

1,359,673,109.72 
2,296,874.29 
5,445,255,330.94 

771,948,772.32 
7,020,264.60 
4,798,554,270.00 

2,205,190,000.00 
1,817,016,286.05 

2,888,878,800.00 
1,746,460,791.54 

44,927,019.07 

59,136,999.33 
43,000,000.00 

167,246,906.46 
665,441,380.05 

174,476,743.29 
532,090,355.08 

3,777,750.00 
4,903,599,341.63 
10,348,854,672.57 

163,518,534.00 
5,607,562,223.24 
10,406,116,493.24 

1,482,507,116.00 
240,135,348.49 

1,483,474,941.00 
240,136,130.51 

1,296,393,171.86 
416,909,016.79 
1,185,121.63 
3,104,862.19 
745,795,769.54 

1,321,817,769.31 
484,248,196.89 
-7,519,841.09 
1,364,897.80 
745,795,769.54 

4,724,639,528.27 

4,245,727,768.72 

8,076,851,901.19 

7,546,549,238.90 

174,263,039.08 

199,071,750.04 

8,251,114,940.27 

7,745,620,988.94 

18,599,969,612.84 

18,151,737,482.18 

公司负责人：陈保华 主管会计工作负责人：张美 会计机构负责人：周娟 

105 / 245 

 
 
 
 
 
 
 
 
 
 
 
 
 
 
 
 
 
 
 
 
 
 
 
 
 
 
 
 
 
 
 
 
 
 
 
 
 
 
 
 
 
 
 
 
 
 
 
 
 
 
 
 
 
 
 
 
 
 
 
 
 
 
 
 
 
 
 
 
 
 
2023 年年度报告 

母公司资产负债表 
2023 年 12 月 31 日 

编制单位:浙江华海药业股份有限公司   

项目 

附注 

2023 年 12 月 31 日 

单位:元  币种:人民币 
2022 年 12 月 31 日 

流动资产： 
货币资金 
交易性金融资产 
衍生金融资产 
应收票据 
应收账款 
应收款项融资 
预付款项 
其他应收款 
其中：应收利息 
应收股利 

存货 
合同资产 
持有待售资产 
一年内到期的非流动资产 
其他流动资产 

流动资产合计 

非流动资产： 
债权投资 
其他债权投资 
长期应收款 
长期股权投资 
其他权益工具投资 
其他非流动金融资产 
投资性房地产 
固定资产 
在建工程 
生产性生物资产 
油气资产 
使用权资产 
无形资产 
开发支出 
商誉 
长期待摊费用 
递延所得税资产 
其他非流动资产 

非流动资产合计 
资产总计 

流动负债： 
短期借款 
交易性金融负债 
衍生金融负债 
应付票据 

429,672,932.73 
93,041,674.23 

499,704,211.72 
141,568,534.35 

1,615,794,520.65 
13,146,962.66 
14,472,342.18 
3,316,467,840.25 

1,783,088,826.89 
16,157,966.50 
19,744,793.77 
2,355,245,947.61 

2,477,827,713.94 

2,449,384,355.52 

4,566,339.95 
7,964,990,326.59 

352,421.67 
7,265,247,058.03 

6,586,268,218.76 

6,110,979,222.75 

286,807,939.66 
152,649,222.33 
2,249,797,915.96 
423,682,877.08 

397,470,183.13 
158,184,556.92 
2,371,311,176.50 
315,647,631.05 

11,207,034.22 
374,607,659.44 
220,312,963.04 

9,490,753.40 
49,323,730.27 
133,792.00 
10,364,282,106.16 
18,329,272,432.75 

1,098,547,399.16 

7,411,977.66 
332,225,779.57 
221,682,288.19 

1,333,324.26 
55,082,056.61 

9,971,328,196.64 
17,236,575,254.67 

1,166,512,066.07 
2,551,911.35 

329,982,654.37 

243,424,683.28 

106 / 245 

 
 
 
 
 
 
 
 
 
 
 
 
 
 
 
 
 
 
 
 
 
 
 
 
 
 
 
 
 
 
 
 
 
 
 
 
 
 
 
 
 
 
 
 
 
 
 
 
 
 
 
 
 
 
 
 
 
 
 
 
 
 
 
 
 
 
 
 
 
 
 
 
 
应付账款 
预收款项 
合同负债 
应付职工薪酬 
应交税费 
其他应付款 
其中：应付利息 
应付股利 

持有待售负债 
一年内到期的非流动负债 
其他流动负债 

流动负债合计 

非流动负债： 
长期借款 
应付债券 
其中：优先股 
永续债 

租赁负债 
长期应付款 
长期应付职工薪酬 
预计负债 
递延收益 
递延所得税负债 
其他非流动负债 

非流动负债合计 
负债合计 

所有者权益（或股东权益）： 

实收资本（或股本） 
其他权益工具 
其中：优先股 
永续债 

资本公积 
减：库存股 
其他综合收益 
专项储备 
盈余公积 
未分配利润 

所有者权益（或股东权

益）合计 

负债和所有者权益（或

2023 年年度报告 

714,792,552.72 

710,577,273.60 

76,005,944.69 
173,231,597.49 
43,331,641.80 
705,947,645.24 

13,349,537.11 
168,278,872.49 
86,846,372.71 
1,091,127,289.08 

1,282,838,600.00 
8,751,338.28 
4,433,429,373.75 

741,844,023.72 
180,014.93 
4,224,692,044.34 

1,084,500,000.00 
1,817,016,286.05 

1,423,000,000.00 
1,746,460,791.54 

5,716,261.36 

3,137,013.73 

167,246,906.46 
201,952,023.79 

174,476,743.29 
209,691,019.07 

3,777,750.00 
3,280,209,227.66 
7,713,638,601.41 

163,518,534.00 
3,720,284,101.63 
7,944,976,145.97 

1,482,507,116.00 
240,135,348.49 

1,483,474,941.00 
240,136,130.51 

1,825,466,080.06 
416,909,016.79 
-4,257,148.79 

1,863,781,545.53 
484,248,196.89 
-4,124,224.74 

741,737,470.50 
6,746,953,981.87 

741,737,470.50 
5,450,841,442.79 

10,615,633,831.34 

9,291,599,108.70 

股东权益）总计 
公司负责人：陈保华 主管会计工作负责人：张美 会计机构负责人：周娟 

18,329,272,432.75 

17,236,575,254.67 

107 / 245 

 
 
 
 
 
 
 
 
 
 
 
 
 
 
 
 
 
 
 
 
 
 
 
 
 
 
 
 
 
 
 
 
 
 
 
 
 
 
 
 
 
 
 
 
 
 
 
 
 
 
 
 
 
 
 
 
 
 
 
 
 
 
 
 
 
 
 
 
2023 年年度报告 

合并利润表 
2023 年 1—12 月 

项目 

附注 

一、营业总收入 
其中：营业收入 
利息收入 
已赚保费 
手续费及佣金收入 

二、营业总成本 
其中：营业成本 
利息支出 
手续费及佣金支出 
退保金 
赔付支出净额 
提取保险责任准备金净额 
保单红利支出 
分保费用 
税金及附加 
销售费用 
管理费用 
研发费用 
财务费用 
其中：利息费用 
利息收入 

加：其他收益 

投资收益（损失以“－”号填

列） 

其中：对联营企业和合营企业

的投资收益 

以摊余成本计量的金融

资产终止确认收益 

汇兑收益（损失以“－”号填

列） 

净敞口套期收益（损失以“-”

号填列） 

公允价值变动收益（损失以

“－”号填列） 

信用减值损失（损失以“-”

号填列） 

资产减值损失（损失以“-”

号填列） 

资产处置收益（损失以“－”

号填列） 
三、营业利润（亏损以“－”号填列）   

加：营业外收入 
减：营业外支出 

四、利润总额（亏损总额以“－”号
填列） 

单位:元  币种:人民币 

2023 年度 
8,308,719,758.46 
8,308,719,758.46 

2022 年度 
8,265,744,793.28 
8,265,744,793.28 

7,096,899,572.91 
3,288,338,033.17 

6,635,693,607.64 
3,110,936,280.94 

96,689,182.57 
1,294,781,815.12 
1,296,849,987.31 
982,993,900.79 
137,246,653.95 
231,693,740.17 
39,479,104.34 
185,152,946.31 

76,321,463.33 
1,244,236,587.27 
1,289,503,569.38 
925,528,851.11 
-10,833,144.39 
220,018,305.56 
25,831,146.28 
99,505,266.46 

-62,651,521.62 

-75,205,045.94 

-27,699,914.16 

-42,191,165.29 

-100,248,243.12 

5,201,027.43 

7,932,316.98 

-45,367,083.34 

-117,176,373.57 

-70,604,492.85 

-289,686.98 

3,590,500.13 

1,124,539,623.55 
5,763,053.44 
29,981,297.05 

1,547,171,357.53 
3,633,590.87 
41,905,172.24 

1,100,321,379.94 

1,508,899,776.16 

108 / 245 

 
 
 
 
 
 
 
 
 
 
 
 
 
 
 
 
 
 
 
 
 
 
 
 
 
 
 
 
 
 
 
 
 
 
 
 
 
 
 
 
 
 
 
 
 
 
 
 
 
 
 
 
 
 
 
 
 
 
 
 
 
2023 年年度报告 

减：所得税费用 

五、净利润（净亏损以“－”号填列）   
（一）按经营持续性分类 

1.持续经营净利润（净亏损以

“－”号填列） 

2.终止经营净利润（净亏损以

“－”号填列） 
（二）按所有权归属分类 

1.归属于母公司股东的净利润

（净亏损以“-”号填列） 

2.少数股东损益（净亏损以“-”

号填列） 
六、其他综合收益的税后净额 

（一）归属母公司所有者的其他综

合收益的税后净额 

1．不能重分类进损益的其他综

合收益 

（1）重新计量设定受益计划变动

额 

（2）权益法下不能转损益的其他

综合收益 

（3）其他权益工具投资公允价值

变动 

（4）企业自身信用风险公允价值

变动 

2．将重分类进损益的其他综合

收益 

（1）权益法下可转损益的其他综

合收益 

（2）其他债权投资公允价值变动   
（3）金融资产重分类计入其他综

合收益的金额 

（4）其他债权投资信用减值准备   
（5）现金流量套期储备 
（6）外币财务报表折算差额 
（7）其他 
（二）归属于少数股东的其他综合

收益的税后净额 
七、综合收益总额 

（一）归属于母公司所有者的综合

收益总额 

（二）归属于少数股东的综合收益

总额 
八、每股收益： 

（一）基本每股收益(元/股) 
（二）稀释每股收益(元/股) 

283,072,034.73 
817,249,345.21 

332,890,303.30 
1,176,009,472.86 

817,249,345.21 

1,176,009,472.86 

830,466,003.18 

1,167,758,749.48 

-13,216,657.97 

8,250,723.38 

5,124,020.47 

-3,230,019.66 

6,517,586.45 

-3,916,695.28 

-2,176,894.21 

-162,546.92 

-2,176,894.21 

-162,546.92 

8,694,480.66 

-3,754,148.36 

-132,924.05 

3,103,371.50 

8,827,404.71 

-6,857,519.86 

-1,393,565.98 

686,675.62 

822,373,365.68 

1,172,779,453.20 

836,983,589.63 

1,163,842,054.20 

-14,610,223.95 

8,937,399.00 

0.57 
0.57 

0.81 
0.80 

本期发生同一控制下企业合并的，被合并方在合并前实现的净利润为：0 元, 上期被合并方实现
的净利润为： 0 元。 
公司负责人：陈保华 主管会计工作负责人：张美 会计机构负责人：周娟 

109 / 245 

 
 
 
 
 
 
 
 
 
 
 
 
 
 
 
 
 
 
 
 
 
 
 
 
 
 
 
 
 
 
 
 
 
 
 
 
 
 
 
 
 
 
 
2023 年年度报告 

母公司利润表 
2023 年 1—12 月 

单位:元  币种:人民币 

2023 年度 
5,729,800,878.26 
2,893,786,955.40 
50,533,225.48 
251,877,098.01 
815,028,707.45 
451,197,414.50 
57,709,478.15 
221,375,881.94 
104,890,731.87 
124,528,366.60 

2022 年度 
5,605,856,584.75 
2,890,169,451.89 
26,384,265.76 
153,895,581.69 
849,029,698.17 
454,568,676.17 
-62,294,143.59 
205,308,738.62 
64,547,274.30 
61,709,239.44 

571,049,212.45 

304,836,541.64 

-27,536,123.39 

-42,215,090.90 

-100,248,243.12 

4,668,010.97 

4,677,810.05 

-12,609,848.66 

-67,253,593.04 

-51,994,398.48 

-425,331.44 

3,482,293.93 

1,741,996,220.77 
3,792,369.69 
25,999,539.81 

1,604,194,893.50 
2,025,544.07 
39,063,352.93 

1,719,789,050.65 

1,567,157,084.64 

74,309,644.21 
1,645,479,406.44 

108,786,402.84 
1,458,370,681.80 

1,645,479,406.44 

1,458,370,681.80 

-132,924.05 

3,103,371.50 

项目 

附注 

一、营业收入 

减：营业成本 

税金及附加 
销售费用 
管理费用 
研发费用 
财务费用 
其中：利息费用 
利息收入 

加：其他收益 

投资收益（损失以“－”号填

列） 

其中：对联营企业和合营企业

的投资收益 

以摊余成本计量的金融

资产终止确认收益 

净敞口套期收益（损失以“-”

号填列） 

公允价值变动收益（损失以

“－”号填列） 

信用减值损失（损失以“-”

号填列） 

资产减值损失（损失以“-”

号填列） 

资产处置收益（损失以“－”

号填列） 
二、营业利润（亏损以“－”号填列）   

加：营业外收入 
减：营业外支出 

三、利润总额（亏损总额以“－”号
填列） 

减：所得税费用 

四、净利润（净亏损以“－”号填列）   
（一）持续经营净利润（净亏损以

“－”号填列） 

（二）终止经营净利润（净亏损以

“－”号填列） 
五、其他综合收益的税后净额 

（一）不能重分类进损益的其他综

合收益 

1.重新计量设定受益计划变动

额 

2.权益法下不能转损益的其他

综合收益 

3.其他权益工具投资公允价值  

110 / 245 

 
 
 
 
 
 
 
 
 
 
 
 
 
 
 
 
 
 
 
 
 
 
 
 
 
 
 
 
 
 
 
 
 
 
 
 
 
 
 
 
 
 
 
2023 年年度报告 

变动 

4.企业自身信用风险公允价值

变动 

（二）将重分类进损益的其他综合

收益 

1.权益法下可转损益的其他综

合收益 

2.其他债权投资公允价值变动 
3.金融资产重分类计入其他综

合收益的金额 

4.其他债权投资信用减值准备 
5.现金流量套期储备 
6.外币财务报表折算差额 
7.其他 
六、综合收益总额 
七、每股收益： 

（一）基本每股收益(元/股) 
（二）稀释每股收益(元/股) 

-132,924.05 

3,103,371.50 

-132,924.05 

3,103,371.50 

1,645,346,482.39 

1,461,474,053.30 

公司负责人：陈保华 主管会计工作负责人：张美 会计机构负责人：周娟 

项目 
一、经营活动产生的现金流量： 
销售商品、提供劳务收到的现

金 

客户存款和同业存放款项净

增加额 

向中央银行借款净增加额 
向其他金融机构拆入资金净

增加额 

收到原保险合同保费取得的

现金 

收到再保业务现金净额 
保户储金及投资款净增加额 
收取利息、手续费及佣金的现

金 

拆入资金净增加额 
回购业务资金净增加额 
代理买卖证券收到的现金净

额 

收到的税费返还 
收到其他与经营活动有关的

现金 

合并现金流量表 
2023 年 1—12 月 

附注 

2023年度 

2022年度 

单位：元  币种：人民币 

8,601,822,797.73 

7,300,012,516.64 

240,406,324.21 

557,655,492.55 

426,484,363.56 

264,619,817.59 

经营活动现金流入小计 

9,268,713,485.50 

8,122,287,826.78 

111 / 245 

 
 
 
 
 
 
 
 
 
 
 
 
 
 
 
 
 
 
 
 
 
 
 
 
 
 
 
 
 
 
 
 
 
 
 
 
 
 
 
 
 
 
 
 
 
 
 
 
 
 
 
 
 
 
 
 
 
 
 
 
 
 
 
 
 
 
 
 
 
购买商品、接受劳务支付的现

金 

客户贷款及垫款净增加额 
存放中央银行和同业款项净

增加额 

支付原保险合同赔付款项的

现金 

拆出资金净增加额 
支付利息、手续费及佣金的现

金 

支付保单红利的现金 
支付给职工及为职工支付的

现金 

支付的各项税费 
支付其他与经营活动有关的

现金 

经营活动现金流出小计 

经营活动产生的现金流

量净额 
二、投资活动产生的现金流量： 

收回投资收到的现金 
取得投资收益收到的现金 
处置固定资产、无形资产和其

他长期资产收回的现金净额 
处置子公司及其他营业单位

收到的现金净额 

收到其他与投资活动有关的

现金 

投资活动现金流入小计 
购建固定资产、无形资产和其

他长期资产支付的现金 
投资支付的现金 
质押贷款净增加额 
取得子公司及其他营业单位

支付的现金净额 

支付其他与投资活动有关的

现金 

投资活动现金流出小计 

投资活动产生的现金流

量净额 
三、筹资活动产生的现金流量： 

吸收投资收到的现金 
其中：子公司吸收少数股东投

资收到的现金 

取得借款收到的现金 
收到其他与筹资活动有关的

现金 

筹资活动现金流入小计 

偿还债务支付的现金 

2023 年年度报告 

2,248,946,395.86 

2,590,702,040.96 

1,491,390,001.84 

1,334,217,634.81 

854,701,437.67 

764,086,061.63 

2,456,654,375.25 

2,190,588,962.48 

7,051,692,210.62 

6,879,594,699.88 

2,217,021,274.88 

1,242,693,126.90 

43,650,177.18 
4,945,053.82 

50,445,695.92 
3,802,117.76 

4,843,106.34 

10,718,243.11 

3,233,000.00 

13,400,000.00 

56,671,337.34 

78,366,056.79 

1,592,387,172.07 

2,316,284,576.56 

65,582,498.35 

157,107,738.37 

21,472,575.49 

37,548,478.82 

1,679,442,245.91 

2,510,940,793.75 

-1,622,770,908.57 

-2,432,574,736.96 

37,678,952.00 

3,310,500,000.00 

3,821,892,326.94 

10,000,000.00 

51,000,000.00 

3,320,500,000.00 
3,237,934,094.36 

3,910,571,278.94 
2,710,632,788.19 

112 / 245 

 
 
 
 
 
 
 
 
 
 
 
 
 
 
 
 
 
 
 
 
 
 
 
 
 
 
 
 
 
 
 
 
 
 
 
 
 
 
 
 
 
 
 
 
 
 
 
 
 
 
 
 
 
2023 年年度报告 

分配股利、利润或偿付利息支

付的现金 

568,839,222.75 

318,318,664.97 

其中：子公司支付给少数股东

12,833,300.00 

的股利、利润 

支付其他与筹资活动有关的

现金 

筹资活动现金流出小计 

筹资活动产生的现金流

量净额 
四、汇率变动对现金及现金等价
物的影响 
五、现金及现金等价物净增加额   
加：期初现金及现金等价物余

额 
六、期末现金及现金等价物余额   

157,958,706.42 

272,577,125.73 

3,964,732,023.53 

3,301,528,578.89 

-644,232,023.53 

609,042,700.05 

28,997,894.61 

54,654,378.00 

-20,983,762.61 

-526,184,532.01 

1,327,950,125.34 

1,854,134,657.35 

1,306,966,362.73 

1,327,950,125.34 

公司负责人：陈保华 主管会计工作负责人：张美 会计机构负责人：周娟 

项目 
一、经营活动产生的现金流量： 
销售商品、提供劳务收到的现

金 

收到的税费返还 
收到其他与经营活动有关的

现金 

经营活动现金流入小计 
购买商品、接受劳务支付的现

金 

支付给职工及为职工支付的

现金 

支付的各项税费 
支付其他与经营活动有关的

现金 

经营活动现金流出小计 
经营活动产生的现金流量净

额 
二、投资活动产生的现金流量： 

收回投资收到的现金 
取得投资收益收到的现金 
处置固定资产、无形资产和其

他长期资产收回的现金净额 
处置子公司及其他营业单位

收到的现金净额 

收到其他与投资活动有关的

现金 

母公司现金流量表 
2023 年 1—12 月 

附注 

2023年度 

单位:元  币种:人民币 
2022年度 

5,952,373,715.25 

4,821,111,574.34 

127,628,118.59 

234,947,256.75 

222,755,999.10 

338,526,203.68 

6,302,757,832.94 

5,394,585,034.77 

2,265,467,606.26 

2,408,057,040.70 

834,582,888.58 

755,163,514.39 

173,813,437.86 

194,241,361.52 

1,114,036,575.35 

977,868,001.80 

4,387,900,508.05 

4,335,329,918.41 

1,914,857,324.89 

1,059,255,116.36 

45,437,684.30 
684,960,479.00 

50,445,695.92 
382,467,652.13 

5,955,135.55 

16,790,042.78 

244,005,680.56 

242,059,724.37 

113 / 245 

 
 
 
 
 
 
 
 
 
 
 
 
 
 
 
 
 
 
 
 
 
 
 
 
 
 
 
 
 
投资活动现金流入小计 
购建固定资产、无形资产和其

他长期资产支付的现金 
投资支付的现金 
取得子公司及其他营业单位

支付的现金净额 

支付其他与投资活动有关的

现金 

投资活动现金流出小计 

投资活动产生的现金流

量净额 
三、筹资活动产生的现金流量： 

吸收投资收到的现金 
取得借款收到的现金 
收到其他与筹资活动有关的

现金 

筹资活动现金流入小计 

偿还债务支付的现金 
分配股利、利润或偿付利息支

付的现金 

支付其他与筹资活动有关的

现金 

筹资活动现金流出小计 

筹资活动产生的现金流

量净额 
四、汇率变动对现金及现金等价
物的影响 
五、现金及现金等价物净增加额   
加：期初现金及现金等价物余

额 
六、期末现金及现金等价物余额   

2023 年年度报告 

980,358,979.41 

691,763,115.20 

593,690,538.16 

511,385,987.71 

559,654,202.25 

492,322,252.61 

1,170,062,041.00 

722,586,300.00 

2,323,406,781.41 

1,726,294,540.32 

-1,343,047,802.00 

-1,034,531,425.12 

2,706,500,000.00 

37,678,952.00 
2,991,806,726.94 
700,000,000.00 

2,706,500,000.00 
2,594,811,644.36 

3,729,485,678.94 
2,710,632,788.19 

498,604,552.42 

258,297,810.54 

284,206,113.00 

674,647,113.36 

3,377,622,309.78 

3,643,577,712.09 

-671,122,309.78 

85,907,966.85 

29,281,507.90 

39,022,182.66 

-70,031,278.99 

149,653,840.75 

479,705,211.72 

330,051,370.97 

409,673,932.73 

479,705,211.72 

公司负责人：陈保华 主管会计工作负责人：张美 会计机构负责人：周娟 

114 / 245 

 
 
 
 
 
 
 
 
 
 
 
 
 
 
 
 
 
 
 
 
 
 
 
 
 
 
 
