财务报表 

编制单位: 上海华谊集团股份有限公司 

2023 年年度报告 

合并资产负债表 

2023 年 12 月 31 日 

项目 

流动资产： 
货币资金 
结算备付金 
拆出资金 
交易性金融资产 
衍生金融资产 
应收票据 
应收账款 
应收款项融资 
预付款项 
应收保费 
应收分保账款 
应收分保合同准备金 
其他应收款 
其中：应收利息 
应收股利 

买入返售金融资产 
存货 
合同资产 
持有待售资产 
一年内到期的非流动资产 
其他流动资产 

流动资产合计 

非流动资产： 

发放贷款和垫款 
债权投资 
其他债权投资 
长期应收款 
长期股权投资 
其他权益工具投资 
其他非流动金融资产 
投资性房地产 
固定资产 
在建工程 
生产性生物资产 
油气资产 
使用权资产 
无形资产 
开发支出 
商誉 
长期待摊费用 

附注五 

单位:元  币种:人民币 
2023 年 12 月 31 日  2022 年 12 月 31 日 

（一） 

16,350,430,661.02  16,569,813,702.27 

（二） 

1,568,821,593.23 

1,368,465,133.72 

（四） 
（五） 
（七） 
（八） 

101,264,107.56 
1,378,249,023.93 
1,346,856,487.00 
520,156,181.47 

122,493,891.76 
1,596,867,876.61 
1,752,114,845.63 
598,114,667.60 

（九） 

139,035,966.56 

135,330,248.63 

（十） 
（十一） 

53,477,896.64 

4,973,215,480.83 

12,916,000.00 
500,449,178.06 
4,766,323,504.75 

（十四） 

283,002,765.60 
26,661,032,267.20 

481,805,505.86 
27,891,778,554.89 

（十五） 

7,059,026,351.92 

3,828,223,090.02 

（十九） 

5,023,923,386.12 

4,733,412,498.52 

（二十一） 
（二十二） 
（二十三） 
（二十四） 

606,669,432.30 
210,720,462.84 

744,077,373.15 
224,275,142.56 
18,862,377,407.64  10,714,896,025.90 
8,887,732,859.11 

710,974,772.59 

（二十七） 
（二十八） 

309,010,317.05 
1,753,151,974.05 

301,899,289.66 
1,555,220,408.05 

（二十九） 
（三十） 

62,546,981.26 
633,696,084.33 

62,546,981.26 
143,718,603.75 

75 / 240 

 
 
 
 
 
 
 
 
 
 
 
 
 
 
 
 
 
 
 
 
 
 
 
 
 
 
 
 
 
 
 
 
 
 
 
 
 
 
 
 
 
 
 
 
 
 
 
 
 
 
 
 
 
 
递延所得税资产 
其他非流动资产 

非流动资产合计 
资产总计 

流动负债： 
短期借款 
向中央银行借款 
拆入资金 
交易性金融负债 
衍生金融负债 
应付票据 
应付账款 
预收款项 
合同负债 
卖出回购金融资产款 
吸收存款及同业存放 
代理买卖证券款 
代理承销证券款 
应付职工薪酬 
应交税费 
其他应付款 
其中：应付利息 
应付股利 

应付手续费及佣金 
应付分保账款 
持有待售负债 
一年内到期的非流动负债 
其他流动负债 

流动负债合计 

非流动负债： 

保险合同准备金 
长期借款 
应付债券 
其中：优先股 
永续债 

租赁负债 
长期应付款 
长期应付职工薪酬 
预计负债 
递延收益 
递延所得税负债 
其他非流动负债 

非流动负债合计 
负债合计 

所有者权益（或股东权益）： 

实收资本（或股本） 
其他权益工具 
其中：优先股 

2023 年年度报告 

（三十一） 
（三十二） 

121,601,925.24 
570,524,715.90 
35,924,223,811.24 
62,585,256,078.44 

113,110,555.97 
31,309,112,827.95 
59,200,891,382.84 

（三十四） 

2,052,502,359.24 

2,388,461,568.72 

（三十七） 
（三十八） 
（三十九） 
（四十） 

1,048,264,522.46 
5,432,986,351.61 
1,768,806.00 
1,118,136,326.75 

941,811,369.27 
4,760,669,421.75 
696,896.60 
842,747,711.44 

（四十一） 

11,867,899,816.54  10,986,404,988.70 

（四十二） 
（四十三） 
（四十四） 

291,339,225.51 
165,652,175.16 
2,006,831,491.68 

279,664,298.01 
302,189,707.43 
2,766,339,021.69 

10,763,809.97 

16,253,625.24 

（四十六） 
（四十七） 

3,111,036,750.68 
127,314,492.03 

519,886,541.83 
181,242,769.95 
27,223,732,317.66  23,970,114,295.39 

（四十八） 
（四十九） 

7,211,144,581.81 

5,513,436,957.44 
2,428,204,356.45 

（五十） 
（五十一） 
（五十二） 
（五十三） 
（五十四） 
（五十五） 

254,913,191.44 
145,814,858.20 
261,120,000.00 
75,614,259.81 
492,087,821.05 
136,651,476.78 

262,673,490.96 
145,699,687.24 
253,510,000.00 
14,139,400.00 
490,446,346.79 
72,586,688.50 

8,577,346,189.09 
9,180,696,927.38 
35,801,078,506.75  33,150,811,222.77 

（五十六） 

2,131,449,598.00 

2,131,449,598.00 

76 / 240 

 
 
 
 
 
 
 
 
 
 
 
 
 
 
 
 
 
 
 
 
 
 
 
 
 
 
 
 
 
 
 
 
 
 
 
 
 
 
 
 
 
 
 
 
 
 
 
 
 
 
 
 
 
 
 
 
 
 
 
2023 年年度报告 

永续债 

资本公积 
减：库存股 
其他综合收益 
专项储备 
盈余公积 
一般风险准备 
未分配利润 
归属于母公司所有者权益（或股东权益）

合计 

少数股东权益 

所有者权益（或股东权益）合计 

负债和所有者权益（或股东权益）

总计 

（五十八） 
（五十九） 
（六十） 
（六十一） 
（六十二） 

9,104,380,318.07 
102,771,473.00 
-181,022,474.51 
10,812,121.18 
794,154,485.07 

9,098,177,708.34 
102,771,473.00 
-152,098,992.47 
116,892.37 
739,507,943.80 

（六十三） 

10,497,797,305.33  10,052,103,193.44 

22,254,799,880.14  21,766,484,870.48 

4,283,595,289.59 
4,529,377,691.55 
26,784,177,571.69  26,050,080,160.07 

62,585,256,078.44  59,200,891,382.84 

公司负责人：顾立立            主管会计工作负责人：徐力珩            会计机构负责人：郭牧 

母公司资产负债表 

2023 年 12 月 31 日 

编制单位:上海华谊集团股份有限公司   

项目 

附注十七 

2023 年 12 月 31 日 

单位:元  币种:人民币 
2022 年 12 月 31 日 

流动资产： 
货币资金 
交易性金融资产 
衍生金融资产 
应收票据 
应收账款 
应收款项融资 
预付款项 
其他应收款 
其中：应收利息 
应收股利 

存货 
合同资产 
持有待售资产 
一年内到期的非流动资产 
其他流动资产 

流动资产合计 

非流动资产： 
债权投资 
其他债权投资 
长期应收款 
长期股权投资 
其他权益工具投资 
其他非流动金融资产 
投资性房地产 
固定资产 

485,701,380.13 
136,531,475.60 

419,234,464.83 
128,696,206.40 

（二） 

1,027,706,933.90 

946,386,521.05 

24,000,000.00 

3,914,564.91 
1,653,854,354.54 

6,240,792.51 
1,500,557,984.79 

（三） 

19,664,547,962.38  19,631,579,124.52 

74,465,566.49 
5,721,546.09 

80,113,210.45 
9,636,440.61 

77 / 240 

 
 
 
 
 
 
 
 
 
 
 
 
 
 
 
 
 
 
 
 
 
 
 
 
 
 
 
 
 
 
 
 
 
 
 
 
 
 
 
 
 
 
 
 
 
 
 
 
 
 
 
 
 
 
 
 
 
 
 
 
 
 
 
 
 
在建工程 
生产性生物资产 
油气资产 
使用权资产 
无形资产 
开发支出 
商誉 
长期待摊费用 
递延所得税资产 
其他非流动资产 

非流动资产合计 
资产总计 

流动负债： 
短期借款 
交易性金融负债 
衍生金融负债 
应付票据 
应付账款 
预收款项 
合同负债 
应付职工薪酬 
应交税费 
其他应付款 
其中：应付利息 
应付股利 

持有待售负债 
一年内到期的非流动负债 
其他流动负债 

流动负债合计 

非流动负债： 
长期借款 
应付债券 
其中：优先股 
永续债 

租赁负债 
长期应付款 
长期应付职工薪酬 
预计负债 
递延收益 
递延所得税负债 
其他非流动负债 

非流动负债合计 
负债合计 

所有者权益（或股东权益）： 

实收资本（或股本） 
其他权益工具 
其中：优先股 
永续债 

348,353.40 

15,796,844.59 
13,115,892.34 

20,310,228.77 
19,012,861.01 

3,949,211.15 

19,777,597,023.04  19,761,000,218.76 
21,431,451,377.58  21,261,558,203.55 

1,701,222,222.23 

1,751,491,187.50 

1,391,345.00 

3,806,369.22 

1,720,004.32 
9,943,947.67 
287,844,875.35 

2,601,677.04 
11,645,170.68 
181,655,884.61 

528,822,708.45 

35,930,792.44 

2,530,945,103.02 

1,987,131,081.49 

153,400,000.00 

677,400,000.00 

11,896,933.27 

16,304,766.72 

1,600,000.00 
23,089,414.22 

3,200,000.00 
17,181,385.77 

189,986,347.49 
2,720,931,450.51 

714,086,152.49 
2,701,217,233.98 

2,131,449,598.00 

2,131,449,598.00 

2023 年年度报告 

78 / 240 

 
 
 
 
 
 
 
 
 
 
 
 
 
 
 
 
 
 
 
 
 
 
 
 
 
 
 
 
 
 
 
 
 
 
 
 
 
 
 
 
 
 
 
 
 
 
 
 
 
 
 
 
 
 
 
 
 
 
 
 
 
 
 
 
 
 
 
 
 
 
 
 
 
 
 
 
 
 
 
 
 
 
 
 
 
 
 
 
 
 
 
 
 
 
 
 
 
2023 年年度报告 

资本公积 
减：库存股 
其他综合收益 
专项储备 
盈余公积 
未分配利润 

所有者权益（或股东权益）合计 

负债和所有者权益（或股东权益）

总计 

12,213,343,679.44  12,204,654,710.99 
102,771,473.00 
-16,184,241.20 

102,771,473.00 
-16,184,241.20 

794,154,485.07 
3,690,527,878.76 

739,507,943.80 
3,603,684,430.98 
18,710,519,927.07  18,560,340,969.57 

21,431,451,377.58  21,261,558,203.55 

公司负责人：顾立立            主管会计工作负责人：徐力珩            会计机构负责人：郭牧 

合并利润表 

2023 年 1—12 月 

项目 

附注五 

2023 年度 

2022 年度 

单位:元  币种:人民币 

一、营业总收入 
其中：营业收入 
利息收入 
已赚保费 
手续费及佣金收入 

二、营业总成本 
其中：营业成本 
利息支出 
手续费及佣金支出 
退保金 
赔付支出净额 
提取保险责任准备金净额 
保单红利支出 
分保费用 
税金及附加 
销售费用 
管理费用 
研发费用 
财务费用 
其中：利息费用 
利息收入 

加：其他收益 

投资收益（损失以“－”号填列） 
其中：对联营企业和合营企业的投资收益 

以摊余成本计量的金融资产终止确

认收益 

41,326,664,079.78 38,937,467,427.09 
（六十四）  40,881,367,233.16 38,511,107,497.47 
426,359,929.62 
（六十五） 

445,111,705.11 

（六十六） 

185,141.51 

40,599,667,472.40 37,950,629,485.51 
（六十四）  37,449,038,908.86 35,106,492,888.38 
186,638,271.09 
（六十五） 
737,104.96 
（六十六） 

177,170,489.03 
1,079,316.15 

（七十） 
（七十一） 

172,042,721.74 
614,183,910.77 

179,019,425.19 
（六十七） 
508,169,812.13 
（六十八） 
（六十九）  1,118,990,895.26  1,075,505,368.08 
697,544,527.05 
196,522,088.63 
233,010,505.00 
20,379,338.40 
764,248,121.52 
419,168,612.89 
380,480,039.52 

814,154,515.22 
253,006,715.37 
284,207,323.78 
33,346,826.19 
221,675,332.08 
594,005,221.39 
536,000,036.42 

（七十二） 
（七十三） 

汇兑收益（损失以“－”号填列） 
净敞口套期收益（损失以“-”号填列）  
公允价值变动收益（损失以“－”号填列）  （七十五） 
信用减值损失（损失以“-”号填列）  （七十六） 
资产减值损失（损失以“-”号填列）  （七十七） 
资产处置收益（损失以“－”号填列）  （七十八） 

1,559,149.79 

4,173,899.34 

27,552,493.34  -107,110,679.56 
478,751.93 
-102,863,211.14 
-214,687,531.69  -173,703,226.63 
146,255,114.82 
366,082,996.27 

79 / 240 

 
 
 
 
 
 
 
 
 
 
 
 
 
 
 
 
 
 
 
 
 
 
 
 
 
 
 
 
 
 
 
 
 
 
 
 
 
 
 
 
 
 
2023 年年度报告 

（七十九） 
（八十） 

（八十一） 

三、营业利润（亏损以“－”号填列） 

加：营业外收入 
减：营业外支出 

四、利润总额（亏损总额以“－”号填列） 

减：所得税费用 

五、净利润（净亏损以“－”号填列） 
（一）按经营持续性分类 

1.持续经营净利润（净亏损以“－”号填

列） 

2.终止经营净利润（净亏损以“－”号填

列） 
（二）按所有权归属分类 

1.归属于母公司股东的净利润（净亏损以

“-”号填列） 

2.少数股东损益（净亏损以“-”号填列）   

六、其他综合收益的税后净额 

（一）归属母公司所有者的其他综合收益的税

后净额 

1．不能重分类进损益的其他综合收益 

（1）重新计量设定受益计划变动额 
（2）权益法下不能转损益的其他综合收益 
（3）其他权益工具投资公允价值变动 
（4）企业自身信用风险公允价值变动 
2．将重分类进损益的其他综合收益 
（1）权益法下可转损益的其他综合收益 
（2）其他债权投资公允价值变动 
（3）金融资产重分类计入其他综合收益的金

额 

（4）其他债权投资信用减值准备 
（5）现金流量套期储备 
（6）外币财务报表折算差额 
（7）其他 
（二）归属于少数股东的其他综合收益的税后

净额 
七、综合收益总额 

（一）归属于母公司所有者的综合收益总额   
（二）归属于少数股东的综合收益总额 

26,906,442.64 
81,795,643.42 

1,620,321,057.42  2,040,348,535.89 
77,779,194.78 
9,668,378.08 
1,565,431,856.64  2,108,459,352.59 
415,881,119.54 
1,346,742,193.97  1,692,578,233.05 

218,689,662.67 

1,346,742,193.97  1,692,578,233.05 

905,316,076.78  1,281,211,494.32 

441,426,117.19 
-28,959,782.15 

411,366,738.73 
-91,510,243.54 

-28,923,482.04 

-51,531,632.15 

-22,373,572.07 
-22,320,772.07 
-52,800.00  

-3,114,399.60 
-3,114,399.60 

-6,549,909.97 
343,320.02 

-48,417,232.55 
1,754,951.44 

-6,893,229.99 

-50,172,183.99 

-36,300.11 

-39,978,611.39 

1,317,782,411.82  1,601,067,989.51 
876,392,594.74  1,229,679,862.17 
371,388,127.34 
441,389,817.08 

八、每股收益： 

（一）基本每股收益(元/股) 
（二）稀释每股收益(元/股) 

（八十三） 
（八十三） 

0.42 
0.42 

0.60 
0.60 

本期发生同一控制下企业合并的，被合并方在合并前实现的净利润为：0 元, 上期被合并方实现的

净利润为： 0 元。 

公司负责人：顾立立            主管会计工作负责人：徐力珩            会计机构负责人：郭牧 

母公司利润表 

2023 年 1—12 月 

80 / 240 

单位:元  币种:人民币 

 
 
 
 
 
 
 
 
 
 
 
 
 
 
 
 
 
 
 
 
 
 
 
 
 
 
 
 
 
 
 
 
 
 
 
 
 
 
 
 
 
 
 
项目 

一、营业收入 

减：营业成本 

税金及附加 
销售费用 
管理费用 
研发费用 
财务费用 
其中：利息费用 
利息收入 

加：其他收益 

投资收益（损失以“－”号填列） 
其中：对联营企业和合营企业的投资收

（五） 

益 

确认收益 

以摊余成本计量的金融资产终止

列） 

净敞口套期收益（损失以“-”号填列）   
公允价值变动收益（损失以“－”号填

信用减值损失（损失以“-”号填列） 
资产减值损失（损失以“-”号填列） 
资产处置收益（损失以“－”号填列）   

2023 年年度报告 

附注十七 
（四） 
（四） 

2023 年度 
23,760,597.64 
5,647,643.96 
3,165,889.85 

2022 年度 
22,558,493.59 
5,648,592.74 
3,160,640.97 

150,497,621.71 

143,545,328.22 

49,912,762.37 
59,948,642.48 
9,050,043.24 
2,043,234.36 
724,003,585.34 

47,477,268.77 
86,680,589.24 
31,398,106.18 
1,839,192.18 
1,675,451,377.44 

11,792,372.22 

8,906,559.19 

7,835,269.20 

-32,946,875.00 

5,461.32 

25,179,477.26 

二、营业利润（亏损以“－”号填列） 

548,424,229.97 

1,492,249,834.77 

加：营业外收入 
减：营业外支出 

三、利润总额（亏损总额以“－”号填列） 

减：所得税费用 

四、净利润（净亏损以“－”号填列） 

（一）持续经营净利润（净亏损以“－”号

填列） 

（二）终止经营净利润（净亏损以“－”号

填列） 
五、其他综合收益的税后净额 

（一）不能重分类进损益的其他综合收益 

1.重新计量设定受益计划变动额 
2.权益法下不能转损益的其他综合收益 
3.其他权益工具投资公允价值变动 
4.企业自身信用风险公允价值变动 
（二）将重分类进损益的其他综合收益 
1.权益法下可转损益的其他综合收益 
2.其他债权投资公允价值变动 
3.金融资产重分类计入其他综合收益的金

额 

4.其他债权投资信用减值准备 
5.现金流量套期储备 
6.外币财务报表折算差额 
7.其他 
六、综合收益总额 
七、每股收益： 

548,424,229.97 
1,958,817.30 
546,465,412.67 

307,308.95 
1,491,942,525.82 
-8,236,718.75 
1,500,179,244.57 

546,465,412.67 

1,500,179,244.57 

546,465,412.67 

1,500,179,244.57 

81 / 240 

 
 
 
 
 
 
 
 
 
 
 
 
 
 
 
 
 
 
 
 
 
 
 
 
 
 
 
 
 
 
 
 
 
 
 
 
 
 
 
 
 
 
 
 
 
 
 
 
 
 
 
 
 
 
 
 
 
 
 
 
 
 
 
 
 
 
 
 
 
 
 
 
 
 
 
 
 
 
 
 
 
2023 年年度报告 

（一）基本每股收益(元/股) 
（二）稀释每股收益(元/股) 

0.26 
0.26 

0.70 
0.70 

公司负责人：顾立立            主管会计工作负责人：徐力珩            会计机构负责人：郭牧 

合并现金流量表 
2023 年 1—12 月 

项目 

附注五 

2023年度 

2022年度 

单位：元  币种：人民币 

一、经营活动产生的现金流量： 

销售商品、提供劳务收到的现金 
客户存款和同业存放款项净增加额 
向中央银行借款净增加额 
向其他金融机构拆入资金净增加额 
收到原保险合同保费取得的现金 
收到再保业务现金净额 
保户储金及投资款净增加额 
收取利息、手续费及佣金的现金 
拆入资金净增加额 
回购业务资金净增加额 
代理买卖证券收到的现金净额 
收到的税费返还 
收到其他与经营活动有关的现金 

经营活动现金流入小计 

购买商品、接受劳务支付的现金 
客户贷款及垫款净增加额 
存放中央银行和同业款项净增加额 
支付原保险合同赔付款项的现金 
拆出资金净增加额 
支付利息、手续费及佣金的现金 
支付保单红利的现金 
支付给职工及为职工支付的现金 
支付的各项税费 
支付其他与经营活动有关的现金 

经营活动现金流出小计 

经营活动产生的现金流量净额 

二、投资活动产生的现金流量： 

收回投资收到的现金 
取得投资收益收到的现金 
处置固定资产、无形资产和其他长期资

产收回的现金净额 

处置子公司及其他营业单位收到的现金

净额 

（八十五） 

（八十五） 

收到其他与投资活动有关的现金 

（八十五） 

投资活动现金流入小计 

购建固定资产、无形资产和其他长期资

产支付的现金 

投资支付的现金 
质押贷款净增加额 

82 / 240 

37,944,501,735.68  35,091,014,764.38 
1,254,091,660.83 

832,355,683.20 

437,304,788.92 

403,897,080.19 

345,875,395.65 
849,289,472.09 

1,176,895,091.75 
1,112,246,779.86 
40,409,327,075.54  39,038,145,377.01 
31,586,884,089.28  27,695,162,427.36 
3,297,444,223.61  -1,860,289,016.21 
168,974,745.66 

123,689,440.38 

128,303,378.74 

161,795,728.08 

2,455,623,973.75 
2,398,885,710.44 
1,801,580,704.86 
922,002,677.96 
1,599,525,533.45 
1,156,365,044.29 
40,056,735,053.86  31,579,213,607.79 
7,458,931,769.22 

352,592,021.68 

566,279,537.09 
380,403,722.22 

1,001,254,328.80 
368,753,746.14 

451,239,975.84 

147,592,402.35 

13,687,949.34 

1,300,041.67 
1,412,911,226.16 

1,323,125.00 
1,518,923,602.29 

1,887,537,321.81 

5,076,495,267.32 

754,688,527.04 

1,283,107,189.41 

 
 
 
 
 
 
 
 
 
 
 
 
 
 
 
 
 
 
 
 
 
 
 
 
 
 
 
 
 
 
 
 
 
 
 
 
 
 
 
 
 
 
 
 
 
 
 
 
 
 
 
 
 
 
 
 
 
 
 
 
 
2023 年年度报告 

取得子公司及其他营业单位支付的现金

净额 

支付其他与投资活动有关的现金 

（八十五） 

投资活动现金流出小计 

投资活动产生的现金流量净额 

三、筹资活动产生的现金流量： 

吸收投资收到的现金 
其中：子公司吸收少数股东投资收到的

现金 

取得借款收到的现金 
收到其他与筹资活动有关的现金 

筹资活动现金流入小计 

偿还债务支付的现金 
分配股利、利润或偿付利息支付的现金   
其中：子公司支付给少数股东的股利、

利润 

支付其他与筹资活动有关的现金 

（八十五） 

筹资活动现金流出小计 

筹资活动产生的现金流量净额 
四、汇率变动对现金及现金等价物的影响   
五、现金及现金等价物净增加额 

加：期初现金及现金等价物余额 

六、期末现金及现金等价物余额 

15,769.39 
6,359,602,456.73 
2,642,241,618.24 
-1,229,330,392.08  -4,840,678,854.44 

33,196,787.51 

772,732,500.00 

33,196,787.51 

772,732,500.00 

5,001,886,686.57 

8,415,467,770.62 

5,035,083,474.08 
4,061,407,954.24 
866,404,083.16 

9,188,200,270.62 
4,107,119,400.56 
1,399,077,972.96 

236,344,299.58 

87,435,978.97 

53,345,223.12 
92,702,757.40 
5,020,514,794.80 
5,559,542,596.64 
3,628,657,673.98 
14,568,679.28 
31,303,977.65 
-34,340,424.85 
6,278,214,566.41 
-896,510,115.97 
9,665,113,659.26 
15,943,328,225.67 
15,046,818,109.70  15,943,328,225.67 

公司负责人：顾立立            主管会计工作负责人：徐力珩            会计机构负责人：郭牧 

母公司现金流量表 
2023 年 1—12 月 

项目 

附注 

2023年度 

单位:元  币种:人民币 
2022年度 

一、经营活动产生的现金流量： 

销售商品、提供劳务收到的现金 
收到的税费返还 
收到其他与经营活动有关的现金 

经营活动现金流入小计 

购买商品、接受劳务支付的现金 
支付给职工及为职工支付的现金 
支付的各项税费 
支付其他与经营活动有关的现金 

经营活动现金流出小计 

经营活动产生的现金流量净额 
二、投资活动产生的现金流量： 

收回投资收到的现金 
取得投资收益收到的现金 
处置固定资产、无形资产和其他长期资产收

回的现金净额 

处置子公司及其他营业单位收到的现金净

额 

收到其他与投资活动有关的现金 

1,181,784.36 
47,299,908.65 
48,481,693.01 

122,680,497.32 
3,049,160.70 
22,900,319.37 
148,629,977.39 
-100,148,284.38 

93,190,042.49 
17,282,116.80 
57,372,363.35 
167,844,522.64 

124,180,138.78 
3,248,556.19 
19,759,559.26 
147,188,254.23 
20,656,268.41 

716,219,213.12 

1,669,809,538.25 

615,648,639.94 

83 / 240 

 
 
 
 
 
 
 
 
 
 
 
 
 
 
 
 
 
 
 
 
 
 
 
 
 
 
 
 
 
 
 
 
 
 
 
 
 
 
 
 
 
 
 
 
 
 
 
2023 年年度报告 

投资活动现金流入小计 

购建固定资产、无形资产和其他长期资产支

付的现金 

投资支付的现金 
取得子公司及其他营业单位支付的现金净

额 

支付其他与投资活动有关的现金 

投资活动现金流出小计 

投资活动产生的现金流量净额 

三、筹资活动产生的现金流量： 

吸收投资收到的现金 
取得借款收到的现金 
收到其他与筹资活动有关的现金 

筹资活动现金流入小计 

偿还债务支付的现金 
分配股利、利润或偿付利息支付的现金 
支付其他与筹资活动有关的现金 

筹资活动现金流出小计 

筹资活动产生的现金流量净额 
四、汇率变动对现金及现金等价物的影响 
五、现金及现金等价物净增加额 

加：期初现金及现金等价物余额 

六、期末现金及现金等价物余额 

716,219,213.12 

2,285,458,178.19 

1,586,458.54 

44,550,000.00 

1,222,718,000.00 

61,600,000.00 
106,150,000.00 
610,069,213.12 

1,224,304,458.54 
1,061,153,719.65 

1,906,150,000.00 

2,650,000,000.00 

1,906,150,000.00 
1,881,200,000.00 
464,770,840.08 
5,534,500.00 
2,351,505,340.08 
-445,355,340.08 
1,901,326.64 
66,466,915.30 
419,234,464.83 
485,701,380.13 

2,650,000,000.00 
2,931,200,000.00 
982,929,211.57 
4,567,931.19 
3,918,697,142.76 
-1,268,697,142.76 
92,777.43 
-186,794,377.27 
606,028,842.10 
419,234,464.83 

公司负责人：顾立立            主管会计工作负责人：徐力珩            会计机构负责人：郭牧 

84 / 240 

 
 
 
 
 
 
 
 
 
 
 
 
 
 
 
 
 
 
 
 
 
 
 
 
 
 
 
 
 
 
 
 
 
