二、 财务报表 

2023 年年度报告 

合并资产负债表 

2023 年 12 月 31 日 

编制单位:隆基绿能科技股份有限公司 

项目 

附注 

2023 年 12 月 31 日 

2022 年 12 月 31 日 

单位:元 币种:人民币 

流动资产： 

货币资金 

结算备付金 

拆出资金 

交易性金融资产 

衍生金融资产 

应收票据 

应收账款 

应收款项融资 

预付款项 

应收保费 

应收分保账款 

应收分保合同准备金 

其他应收款 

其中：应收利息 

应收股利 

买入返售金融资产 

存货 

合同资产 

持有待售资产 

七、1 

57,001,192,070.63 

54,372,049,619.32 

七、2 

30,848,123.74 

七、4 

296,310,630.64 

144,203,326.40 

七、5 

10,855,845,347.33 

9,075,746,512.31 

七、7 

七、8 

786,589,947.93 

1,558,583,832.50 

2,963,370,506.17 

3,302,713,983.59 

七、9 

314,397,772.92 

467,081,356.60 

76,654,709.37 

131,487,624.27 

七、10 

21,539,560,787.57 

19,317,555,540.96 

七、6 

1,998,183,978.59 

1,324,087,435.40 

104,546,807.40 

一年内到期的非流动资产 

七、12 

41,621,901.29 

40,916,477.84 

其他流动资产 

流动资产合计 

非流动资产： 

发放贷款和垫款 

债权投资 

其他债权投资 

长期应收款 

七、13 

4,032,710,968.83 

1,109,133,962.46 

99,860,632,035.64 

90,816,618,854.78 

七、14 

59,265.13 

120,996.62 

七、16 

167,227,610.08 

207,764,255.10 

121 / 320 

 
   
   
   
   
   
   
   
   
   
   
   
   
   
   
   
   
   
   
   
   
   
   
   
   
   
   
   
   
   
   
   
   
   
   
   
长期股权投资 

其他权益工具投资 

其他非流动金融资产 

投资性房地产 

固定资产 

在建工程 

生产性生物资产 

油气资产 

使用权资产 

无形资产 

开发支出 

商誉 

长期待摊费用 

递延所得税资产 

其他非流动资产 

非流动资产合计 

资产总计 

流动负债： 

短期借款 

向中央银行借款 

拆入资金 

交易性金融负债 

衍生金融负债 

应付票据 

应付账款 

预收款项 

合同负债 

卖出回购金融资产款 

吸收存款及同业存放 

代理买卖证券款 

代理承销证券款 

应付职工薪酬 

应交税费 

其他应付款 

2023 年年度报告 

七、17 

9,292,860,083.30 

9,698,493,084.52 

七、18 

七、19 

七、20 

59,710,262.96 

70,002,363.23 

43,936,440.18 

72,384,316.74 

七、21 

37,058,778,501.30 

25,146,892,434.67 

七、22 

6,278,698,929.17 

5,367,920,219.48 

七、25 

4,625,098,553.85 

2,657,400,950.64 

七、26 

1,041,310,130.57 

565,557,899.41 

七、27 

165,213,075.74 

176,224,141.21 

七、28 

1,843,775,944.39 

1,143,064,987.87 

七、29 

2,257,867,491.91 

1,755,915,969.26 

七、30 

1,317,969,525.87 

1,833,296,133.15 

64,108,569,374.27 

48,738,974,192.08 

163,969,201,409.91 

139,555,593,046.86 

七、32 

78,641,234.04 

七、35 

20,353,581,476.83 

20,052,186,841.71 

七、36 

20,734,945,949.66 

13,535,442,612.87 

17,874,398.65 

七、38 

10,465,510,386.90 

14,690,975,203.51 

七、39 

2,368,482,887.29 

1,873,187,022.49 

七、40 

1,200,350,448.26 

988,372,449.28 

七、41 

14,234,109,356.11 

7,704,327,257.66 

122 / 320 

 
   
   
   
   
   
   
   
   
   
   
   
   
   
   
   
   
   
   
   
   
   
   
   
   
   
   
   
   
   
   
   
   
   
   
   
   
   
   
   
   
其中：应付利息 

应付股利 

应付手续费及佣金 

应付分保账款 

持有待售负债 

2023 年年度报告 

七、42 

76,362.11 

一年内到期的非流动负债 

七、43 

1,502,096,282.15 

679,330,828.95 

其他流动负债 

流动负债合计 

非流动负债： 

保险合同准备金 

长期借款 

应付债券 

其中：优先股 

永续债 

租赁负债 

长期应付款 

长期应付职工薪酬 

预计负债 

递延收益 

递延所得税负债 

其他非流动负债 

非流动负债合计 

负债合计 

七、44 

683,355,572.37 

926,708,219.81 

71,560,306,758.22 

60,529,171,670.32 

七、45 

5,274,200,000.00 

2,912,000,000.00 

七、46 

6,804,161,712.35 

6,614,160,739.35 

七、47 

5,456,026,104.05 

2,888,147,704.81 

七、48 

19,169,764.88 

20,017,236.50 

七、50 

1,787,870,209.91 

2,255,042,816.96 

七、51 

962,168,303.83 

951,145,588.43 

七、30 

1,393,283,704.15 

1,131,605,544.15 

七、52 

21,696,879,799.17 

16,772,119,630.20 

93,257,186,557.39 

77,301,291,300.52 

所有者权益（或股东权益）： 

实收资本（或股本） 

七、53 

7,578,043,524.00 

7,581,665,024.00 

其他权益工具 

其中：优先股 

永续债 

资本公积 

减：库存股 

其他综合收益 

专项储备 

盈余公积 

一般风险准备 

七、54 

547,775,611.25 

547,871,067.21 

七、55 

12,449,370,600.83 

12,064,261,684.11 

七、56 

七、57 

19,415.00 

96,189,479.00 

169,666,876.85 

21,992,633.47 

七、59 

3,789,021,762.00 

2,585,289,791.29 

123 / 320 

 
   
   
   
   
   
   
   
   
   
   
   
   
   
   
   
   
   
   
   
   
   
   
   
   
   
   
   
   
   
   
   
   
   
   
   
   
   
   
   
   
   
   
2023 年年度报告 

未分配利润 

七、60 

45,958,452,308.67 

39,441,895,613.29 

归属于母公司所有者权益（或股东权

益）合计 

少数股东权益 

70,492,311,268.60 

62,146,786,334.37 

219,703,583.92 

107,515,411.97 

所有者权益（或股东权益）合计 

70,712,014,852.52 

62,254,301,746.34 

负债和所有者权益（或股东权

益）总计 

163,969,201,409.91 

139,555,593,046.86 

公司负责人：李振国        主管会计工作负责人：刘学文         会计机构负责人：刘学文 

母公司资产负债表 

2023 年 12 月 31 日 

编制单位:隆基绿能科技股份有限公司 

项目 

附注 

2023 年 12 月 31 日 

2022 年 12 月 31 日 

单位:元 币种:人民币 

流动资产： 

货币资金 

交易性金融资产 

衍生金融资产 

应收票据 

应收账款 

应收款项融资 

预付款项 

其他应收款 

其中：应收利息 

应收股利 

存货 

合同资产 

持有待售资产 

一年内到期的非流动资产 

其他流动资产 

流动资产合计 

非流动资产： 

债权投资 

其他债权投资 

38,237,952,595.88 

35,728,003,667.00 

30,848,123.74 

11,325,287.96 

十七、1 

1,573,108,770.62 

5,804,536,478.49 

283,103,055.76 

1,007,107,697.51 

700,457,336.40 

354,799,939.39 

十七、2 

3,207,337,411.20 

7,020,294,503.72 

231,705,976.04 

596,363,375.66 

524,979,590.64 

131,094,263.70 

380,801,391.68 

159,334,757.70 

45,181,619,539.92 

50,801,534,683.17 

124 / 320 

 
   
   
   
   
 
 
 
   
   
   
   
   
   
   
   
   
   
   
   
   
   
   
   
   
   
   
   
   
   
   
   
   
   
   
   
   
   
   
   
长期应收款 

长期股权投资 

其他权益工具投资 

其他非流动金融资产 

投资性房地产 

固定资产 

在建工程 

生产性生物资产 

油气资产 

使用权资产 

无形资产 

开发支出 

商誉 

长期待摊费用 

递延所得税资产 

其他非流动资产 

非流动资产合计 

资产总计 

流动负债： 

短期借款 

交易性金融负债 

衍生金融负债 

应付票据 

应付账款 

预收款项 

合同负债 

应付职工薪酬 

应交税费 

其他应付款 

其中：应付利息 

应付股利 

持有待售负债 

2023 年年度报告 

十七、3 

41,951,354,807.81 

37,883,369,661.27 

43,936,440.18 

742,977,486.93 

523,349,168.54 

366,281,995.45 

158,086,390.20 

19,002,440.07 

1,629,916.36 

495,871,585.51 

115,182,557.26 

5,654,160.88 

4,158,838.54 

10,159.75 

42,992,021.60 

110,686,394.12 

43,624,134,498.25 

38,840,409,526.22 

88,805,754,038.17 

89,641,944,209.39 

8,511,795,798.09 

11,140,082,095.28 

7,487,542,212.08 

20,062,357,485.16 

1,297,001,542.77 

4,222,471,142.96 

377,778,818.17 

290,355,576.30 

213,992,295.16 

53,714,866.12 

4,233,310,830.18 

3,270,801,754.56 

76,362.11 

一年内到期的非流动负债 

1,410,809,181.88 

518,753,428.10 

其他流动负债 

127,506,807.69 

355,473,028.50 

125 / 320 

 
   
   
   
   
   
   
   
   
   
   
   
   
   
   
   
   
   
   
   
   
   
   
   
   
   
   
   
   
   
   
   
   
   
   
   
   
   
   
   
   
   
   
   
   
   
   
   
   
   
   
   
   
   
   
   
   
   
   
   
   
   
流动负债合计 

非流动负债： 

长期借款 

应付债券 

其中：优先股 

永续债 

租赁负债 

长期应付款 

长期应付职工薪酬 

预计负债 

递延收益 

递延所得税负债 

其他非流动负债 

非流动负债合计 

负债合计 

2023 年年度报告 

23,659,737,486.02 

39,914,009,376.98 

4,999,200,000.00 

2,290,000,000.00 

6,804,161,712.35 

6,614,160,739.35 

11,698,275.24 

44,907,902.92 

47,552,122.65 

69,680,936.36 

41,893,721.87 

38,770,962.82 

59,174,780.54 

11,968,419,789.69 

9,052,781,364.41 

35,628,157,275.71 

48,966,790,741.39 

所有者权益（或股东权益）： 

实收资本（或股本） 

7,578,043,524.00 

7,581,665,024.00 

其他权益工具 

其中：优先股 

永续债 

资本公积 

减：库存股 

其他综合收益 

专项储备 

盈余公积 

未分配利润 

547,775,611.25 

547,871,067.21 

12,634,707,131.59 

12,049,532,392.55 

19,415.00 

96,189,479.00 

3,789,021,762.00 

2,585,289,791.29 

28,628,068,148.62 

18,006,984,671.95 

所有者权益（或股东权益）合计 

53,177,596,762.46 

40,675,153,468.00 

负债和所有者权益（或股东权

益）总计 

88,805,754,038.17 

89,641,944,209.39 

公司负责人：李振国          主管会计工作负责人：刘学文        会计机构负责人：刘学文 

合并利润表 

2023 年 1—12 月 

126 / 320 

 
   
   
   
   
   
   
   
   
   
   
   
   
   
   
   
   
   
   
   
   
   
   
   
   
   
   
   
   
   
   
   
   
   
   
   
   
   
   
   
   
   
   
   
   
   
 
 
 
2023 年年度报告 

项目 

附注 

2023 年度 

2022 年度 

单位:元 币种:人民币 

一、营业总收入 

其中：营业收入 

利息收入 

已赚保费 

手续费及佣金收入 

二、营业总成本 

其中：营业成本 

利息支出 

手续费及佣金支出 

退保金 

赔付支出净额 

提取保险责任准备金净额 

保单红利支出 

分保费用 

税金及附加 

销售费用 

管理费用 

研发费用 

财务费用 

其中：利息费用 

利息收入 

129,497,674,192.20  128,998,111,551.18 

七、61 

129,497,674,192.20  128,998,111,551.18 

114,629,804,596.71  115,477,250,308.55 

七、61 

105,852,249,768.92  109,164,093,984.54 

七、62 

741,058,872.63 

656,332,603.34 

七、63 

2,670,097,374.02 

3,282,924,300.30 

七、64 

4,915,375,491.02 

2,932,840,434.63 

七、65 

2,282,936,122.29 

1,281,985,911.16 

七、66 

-1,831,913,032.17 

-1,840,926,925.42 

515,869,768.18 

474,656,553.24 

1,520,703,943.56 

715,191,632.17 

加：其他收益 

七、67 

937,039,601.85 

463,237,999.91 

投资收益（损失以“－”号填列） 

七、68 

3,475,855,696.12 

4,931,211,532.54 

其中：对联营企业和合营企业的投资

收益 

确认收益 

以摊余成本计量的金融资产终止

汇兑收益（损失以“－”号填列） 

净敞口套期收益（损失以“-”号填

列） 

3,375,994,827.79 

4,609,426,684.32 

公允价值变动收益（损失以“－”号

七、70 

填列） 

-13,088,316.44 

115,595,674.32 

信用减值损失（损失以“-”号填列）  七、71 

-58,410,225.97 

-280,008,026.74 

资产减值损失（损失以“-”号填列）  七、72 

-7,024,764,420.39 

-2,075,719,907.04 

127 / 320 

 
   
   
   
   
   
   
   
   
   
   
   
   
   
   
   
   
   
   
   
   
   
   
   
   
   
   
   
   
   
   
   
   
   
   
   
   
   
   
   
   
   
   
   
   
2023 年年度报告 

资产处置收益（损失以“－”号填

七、73 

-71,331,840.57 

-17,527,836.72 

列） 

三、营业利润（亏损以“－”号填列） 

12,113,170,090.09 

16,657,650,678.90 

加：营业外收入 

减：营业外支出 

七、74 

七、75 

57,085,888.24 

38,492,687.91 

181,087,984.58 

291,552,242.08 

四、利润总额（亏损总额以“－”号填列） 

11,989,167,993.75 

16,404,591,124.73 

减：所得税费用 

七、76 

1,302,510,378.94 

1,641,759,040.90 

五、净利润（净亏损以“－”号填列） 

10,686,657,614.81 

14,762,832,083.83 

（一）按经营持续性分类 

1.持续经营净利润（净亏损以“－”号

填列） 

2.终止经营净利润（净亏损以“－”号

填列） 

（二）按所有权归属分类 

1.归属于母公司股东的净利润（净亏损

以“-”号填列） 

2.少数股东损益（净亏损以“-”号填

列） 

10,686,657,614.81 

14,762,832,083.83 

10,751,425,556.38 

14,811,576,797.86 

-64,767,941.57 

-48,744,714.03 

六、其他综合收益的税后净额 

七、77 

147,674,243.38 

468,592,169.69 

（一）归属母公司所有者的其他综合收益

的税后净额 

147,674,243.38 

468,592,169.69 

1．不能重分类进损益的其他综合收益 

-7,513,087.33 

-14,785,033.80 

（1）重新计量设定受益计划变动额 

（2）权益法下不能转损益的其他综合收益     

（3）其他权益工具投资公允价值变动 

-7,513,087.33 

-14,785,033.80 

（4）企业自身信用风险公允价值变动 

2．将重分类进损益的其他综合收益 

155,187,330.71 

483,377,203.49 

（1）权益法下可转损益的其他综合收益 

（2）其他债权投资公允价值变动 

（3）金融资产重分类计入其他综合收益的

金额 

（4）其他债权投资信用减值准备 

（5）现金流量套期储备 

（6）外币财务报表折算差额 

（7）其他 

（二）归属于少数股东的其他综合收益的

税后净额 

128 / 320 

155,187,330.71 

483,377,203.49 

 
   
   
   
   
   
   
   
   
   
   
   
   
   
   
   
   
   
   
   
   
   
   
   
   
   
   
   
   
   
   
   
   
   
   
   
   
   
   
   
   
   
   
   
2023 年年度报告 

七、综合收益总额 

10,834,331,858.19 

15,231,424,253.52 

（一）归属于母公司所有者的综合收益总

额 

10,899,099,799.76 

15,280,168,967.55 

（二）归属于少数股东的综合收益总额 

-64,767,941.57 

-48,744,714.03 

八、每股收益： 

（一）基本每股收益(元/股) 

（二）稀释每股收益(元/股) 

十八、2 

十八、2 

1.42 

1.42 

1.95 

1.95 

本期发生同一控制下企业合并的，被合并方在合并前实现的净利润为：0.00 元,上期被合并方实

现的净利润为：0.00 元。 

公司负责人：李振国         主管会计工作负责人：刘学文        会计机构负责人：刘学文 

母公司利润表 

2023 年 1—12 月 

项目 

附注 

2023 年度 

2022 年度 

一、营业收入 

减：营业成本 

十七、4 

57,914,167,284.33 

68,353,313,654.11 

十七、4 

54,925,166,784.88 

65,649,174,388.34 

单位:元 币种:人民币 

税金及附加 

销售费用 

管理费用 

研发费用 

财务费用 

其中：利息费用 

利息收入 

加：其他收益 

176,145,169.92 

123,777,628.44 

70,222,964.50 

119,492,980.57 

1,384,162,159.46 

856,311,925.52 

1,409,827,862.58 

280,001,724.53 

-538,145,795.77 

-181,251,960.00 

308,472,580.76 

301,485,091.63 

880,359,573.66 

501,844,485.17 

59,603,019.31 

72,464,336.72 

投资收益（损失以“－”号填

十七、5 

列） 

14,561,070,267.82 

9,358,111,220.22 

其中：对联营企业和合营企业的

投资收益 

以摊余成本计量的金融资产

终止确认收益 

净敞口套期收益（损失以“-”号

填列） 

公允价值变动收益（损失以

“－”号填列） 

2,691,437,323.60 

5,150,797,364.07 

-13,088,316.44 

115,595,674.32 

129 / 320 

 
   
   
   
 
 
   
   
   
   
   
   
   
   
   
   
   
   
   
   
   
   
2023 年年度报告 

信用减值损失（损失以“-”号填

资产减值损失（损失以“-”号填

列） 

列） 

资产处置收益（损失以“－”号

填列） 

-12,975,649.07 

3,807,487.29 

-192,108,093.00 

-101,148,190.92 

-28,587,255.52 

-1,234,012.90 

二、营业利润（亏损以“－”号填列） 

14,860,702,111.86 

10,953,403,481.44 

加：营业外收入 

减：营业外支出 

三、利润总额（亏损总额以“－”号填
列） 

4,678,576.88 

1,263,019.79 

2,109,453.52 

18,637,374.46 

14,863,271,235.22 

10,936,029,126.77 

减：所得税费用 

7,318,897.55 

224,820,816.86 

四、净利润（净亏损以“－”号填列） 

14,855,952,337.67 

10,711,208,309.91 

（一）持续经营净利润（净亏损以

“－”号填列） 

（二）终止经营净利润（净亏损以

“－”号填列） 

五、其他综合收益的税后净额 

（一）不能重分类进损益的其他综合

收益 

1.重新计量设定受益计划变动额 

2.权益法下不能转损益的其他综合

收益 

3.其他权益工具投资公允价值变动 

4.企业自身信用风险公允价值变动 

（二）将重分类进损益的其他综合收

益 

益 

1.权益法下可转损益的其他综合收

2.其他债权投资公允价值变动 

3.金融资产重分类计入其他综合收

益的金额 

4.其他债权投资信用减值准备 

5.现金流量套期储备 

6.外币财务报表折算差额 

7.其他 

六、综合收益总额 

七、每股收益： 

14,855,952,337.67 

10,711,208,309.91 

14,855,952,337.67 

10,711,208,309.91 

130 / 320 

 
   
   
   
   
   
   
   
   
   
   
   
   
   
   
   
   
   
   
   
   
   
   
   
   
   
   
   
   
   
   
   
   
   
   
   
   
   
   
   
   
   
   
   
   
   
   
   
   
   
   
   
   
   
   
   
   
2023 年年度报告 

（一）基本每股收益(元/股) 

（二）稀释每股收益(元/股) 

公司负责人：李振国        主管会计工作负责人：刘学文          会计机构负责人：刘学文 

合并现金流量表 

2023 年 1—12 月 

项目 

附注 

2023年度 

2022年度 

单位：元 币种：人民币 

一、经营活动产生的现金流量： 

销售商品、提供劳务收到的现金 

94,330,066,969.94  100,008,255,063.04 

客户存款和同业存放款项净增加额 

向中央银行借款净增加额 

向其他金融机构拆入资金净增加额 

收到原保险合同保费取得的现金 

收到再保业务现金净额 

保户储金及投资款净增加额 

收取利息、手续费及佣金的现金 

拆入资金净增加额 

回购业务资金净增加额 

代理买卖证券收到的现金净额 

收到的税费返还 

4,312,943,900.55 

5,534,681,101.43 

收到其他与经营活动有关的现金 

七、78 

4,657,421,758.27 

3,045,858,354.90 

经营活动现金流入小计 

103,300,432,628.76  108,588,794,519.37 

购买商品、接受劳务支付的现金 

73,895,352,432.75 

67,892,609,685.67 

客户贷款及垫款净增加额 

存放中央银行和同业款项净增加额 

支付原保险合同赔付款项的现金 

拆出资金净增加额 

支付利息、手续费及佣金的现金 

支付保单红利的现金 

支付给职工及为职工支付的现金 

11,571,591,916.41 

6,906,557,939.84 

支付的各项税费 

5,097,189,569.48 

5,221,037,117.64 

支付其他与经营活动有关的现金 

七、78 

4,618,935,026.64 

4,198,454,356.66 

131 / 320 

 
   
   
   
   
   
   
 
 
 
 
   
   
   
   
   
   
   
   
   
   
   
   
   
   
   
   
   
   
   
   
   
   
   
   
   
   
   
   
   
   
   
   
   
   
   
   
   
   
   
   
   
   
   
   
   
   
   
   
   
   
   
   
   
   
2023 年年度报告 

经营活动现金流出小计 

95,183,068,945.28 

84,218,659,099.81 

经营活动产生的现金流量净额 

8,117,363,683.48 

24,370,135,419.56 

二、投资活动产生的现金流量： 

收回投资收到的现金 

取得投资收益收到的现金 

处置固定资产、无形资产和其他长期资产

收回的现金净额 

处置子公司及其他营业单位收到的现金净

额 

8,056,431,977.79 

57,007,932,519.38 

4,826,865,286.13 

505,533,833.07 

67,777,686.64 

279,234,076.97 

72,906,939.76 

150,394,789.39 

收到其他与投资活动有关的现金 

七、78 

1,915,378.19 

47,211,848.18 

投资活动现金流入小计 

13,025,897,268.51 

57,990,307,066.99 

购建固定资产、无形资产和其他长期资产

支付的现金 

投资支付的现金 

质押贷款净增加额 

取得子公司及其他营业单位支付的现金净

额 

9,255,563,996.45 

5,007,729,066.17 

9,383,585,939.38 

58,005,626,732.56 

支付其他与投资活动有关的现金 

七、78 

23,092,881.81 

28,316,623.43 

投资活动现金流出小计 

18,662,242,817.64 

63,041,672,422.16 

投资活动产生的现金流量净额 

-5,636,345,549.13 

-5,051,365,355.17 

三、筹资活动产生的现金流量： 

吸收投资收到的现金 

54,700,000.00 

98,207,760.00 

其中：子公司吸收少数股东投资收到的现

金 

54,700,000.00 

2,450,000.00 

取得借款收到的现金 

5,010,000,000.00 

10,364,267,780.51 

收到其他与筹资活动有关的现金 

七、78 

791,177,126.21 

98,261,772.76 

筹资活动现金流入小计 

5,855,877,126.21 

10,560,737,313.27 

偿还债务支付的现金 

1,756,079,000.00 

4,306,273,950.46 

分配股利、利润或偿付利息支付的现金 

3,162,218,565.21 

1,558,401,407.54 

其中：子公司支付给少数股东的股利、利

润 

支付其他与筹资活动有关的现金 

七、78 

622,848,357.12 

396,166,682.68 

筹资活动现金流出小计 

5,541,145,922.33 

6,260,842,040.68 

筹资活动产生的现金流量净额 

314,731,203.88 

4,299,895,272.59 

四、汇率变动对现金及现金等价物的影响 

523,644,321.55 

1,000,924,674.24 

五、现金及现金等价物净增加额 

七、79 

3,319,393,659.78 

24,619,590,011.22 

132 / 320 

 
   
   
   
   
   
   
   
   
   
   
   
   
   
   
   
   
   
   
   
   
   
   
   
   
   
   
   
   
   
2023 年年度报告 

加：期初现金及现金等价物余额 

七、79 

51,102,730,599.97 

26,483,140,588.75 

六、期末现金及现金等价物余额 

七、79 

54,422,124,259.75 

51,102,730,599.97 

公司负责人：李振国         主管会计工作负责人：刘学文     会计机构负责人：刘学文 

母公司现金流量表 

2023 年 1—12 月 

项目 

附注 

2023年度 

2022年度 

单位:元 币种:人民币 

一、经营活动产生的现金流量： 

销售商品、提供劳务收到的现金 

41,197,399,608.75 

62,331,054,089.27 

收到的税费返还 

193,404,865.32 

140,411,235.26 

收到其他与经营活动有关的现金 

30,030,236,344.79 

42,662,868,784.30 

经营活动现金流入小计 

71,421,040,818.86  105,134,334,108.83 

购买商品、接受劳务支付的现金 

54,190,038,363.80 

32,888,068,225.93 

支付给职工及为职工支付的现金 

1,634,069,299.60 

696,567,246.11 

支付的各项税费 

538,989,591.49 

768,482,640.80 

支付其他与经营活动有关的现金 

22,914,415,360.31 

49,404,786,197.16 

经营活动现金流出小计 

79,277,512,615.20 

83,757,904,310.00 

经营活动产生的现金流量净额 

-7,856,471,796.34 

21,376,429,798.83 

二、投资活动产生的现金流量： 

收回投资收到的现金 

取得投资收益收到的现金 

处置固定资产、无形资产和其他长期资

产收回的现金净额 

处置子公司及其他营业单位收到的现金

净额 

8,000,000,000.00 

58,089,201,826.77 

16,497,236,937.00 

4,548,733,153.31 

30,241,688.20 

15,610,956.20 

收到其他与投资活动有关的现金 

252,730,108.32 

36,510,636.36 

投资活动现金流入小计 

24,780,208,733.52 

62,690,056,572.64 

购建固定资产、无形资产和其他长期资

产支付的现金 

投资支付的现金 

取得子公司及其他营业单位支付的现金

净额 

975,636,452.72 

97,122,363.54 

13,561,900,000.00 

61,581,413,530.14 

支付其他与投资活动有关的现金 

190,000,000.00 

89,398,128.17 

投资活动现金流出小计 

14,727,536,452.72 

61,767,934,021.85 

133 / 320 

 
 
 
 
   
   
   
   
   
   
   
   
   
   
   
   
   
   
   
   
   
   
   
   
   
   
   
   
   
2023 年年度报告 

投资活动产生的现金流量净额 

10,052,672,280.80 

922,122,550.79 

三、筹资活动产生的现金流量： 

吸收投资收到的现金 

取得借款收到的现金 

5,010,000,000.00 

10,017,500,000.00 

95,757,760.00 

收到其他与筹资活动有关的现金 

742,761,300.97 

筹资活动现金流入小计 

5,752,761,300.97 

10,113,257,760.00 

偿还债务支付的现金 

1,403,079,000.00 

3,003,000,000.00 

分配股利、利润或偿付利息支付的现金 

3,146,187,994.52 

1,497,286,939.72 

支付其他与筹资活动有关的现金 

290,902,683.91 

23,620,464.60 

筹资活动现金流出小计 

4,840,169,678.43 

4,523,907,404.32 

筹资活动产生的现金流量净额 

912,591,622.54 

5,589,350,355.68 

四、汇率变动对现金及现金等价物的影响 

-4,835,583.24 

22,937,119.01 

五、现金及现金等价物净增加额 

3,103,956,523.76 

27,910,839,824.31 

加：期初现金及现金等价物余额 

33,977,779,265.00 

6,066,939,440.69 

六、期末现金及现金等价物余额 

37,081,735,788.76 

33,977,779,265.00 

公司负责人：李振国        主管会计工作负责人：刘学文        会计机构负责人：刘学文 

134 / 320 

 
   
   
   
   
   
   
   
   
   
   
   
   
   
   
   
   
 
 
 
 
 
