二、 财务报表 

2023 年年度报告 

合并资产负债表 
2023 年 12 月 31 日 

编制单位: 文峰大世界连锁发展股份有限公司 

项目 

附注 

2023 年 12 月 31 日  2022 年 12 月 31 日 

单位:元  币种:人民币 

流动资产： 
货币资金 
结算备付金 
拆出资金 
交易性金融资产 
衍生金融资产 
应收票据 
应收账款 
应收款项融资 
预付款项 
应收保费 
应收分保账款 
应收分保合同准备金 
其他应收款 
其中：应收利息 
应收股利 

买入返售金融资产 
存货 
合同资产 
持有待售资产 
一年内到期的非流动资产 
其他流动资产 

流动资产合计 

非流动资产： 

发放贷款和垫款 
债权投资 
其他债权投资 
长期应收款 
长期股权投资 
其他权益工具投资 
其他非流动金融资产 
投资性房地产 
固定资产 
在建工程 
生产性生物资产 
油气资产 
使用权资产 
无形资产 
开发支出 
商誉 

七、1 

1,098,535,659.41 

725,477,591.73 

七、2 

七、4 
七、5 

七、8 

132,175,095.31 

379,483,393.88 

1,599,770.60 
45,619,767.54 

1,434,863.11 
42,224,622.20 

40,933,181.94 

72,499,788.05 

七、9 

31,033,039.23 

70,179,900.26 

七、10 

294,777,656.13 

391,911,029.02 

七、12 
七、13 

22,753,051.69 
1,667,427,221.85 

49,235,524.65 
41,309,839.69 
1,773,756,552.59 

6,403,968.72 
57,700,000.00 

39,267,320.19 
74,438,816.49 

357,953,865.68 
3,067,867,247.98 
520,832,688.03 

237,379,927.25 
3,095,708,142.38 
491,087,234.78 

150,433,865.41 
548,276,546.07 
111,698.11 

204,849,755.72 
571,815,280.58 

3,193,645.84 

七、17 
七、18 

七、20 
七、21 
七、22 

七、25 
七、26 

七、27 

62 / 171 

 
 
 
 
 
 
 
 
 
 
 
 
 
 
 
 
 
 
 
 
 
 
 
 
 
 
 
 
 
 
 
 
 
 
 
 
 
 
 
 
 
 
 
 
 
 
 
 
 
 
 
 
 
 
 
 
 
 
 
 
 
 
 
 
长期待摊费用 
递延所得税资产 
其他非流动资产 

非流动资产合计 
资产总计 

流动负债： 
短期借款 
向中央银行借款 
拆入资金 
交易性金融负债 
衍生金融负债 
应付票据 
应付账款 
预收款项 
合同负债 
卖出回购金融资产款 
吸收存款及同业存放 
代理买卖证券款 
代理承销证券款 
应付职工薪酬 
应交税费 
其他应付款 
其中：应付利息 
应付股利 

应付手续费及佣金 
应付分保账款 
持有待售负债 
一年内到期的非流动负债 
其他流动负债 

流动负债合计 

非流动负债： 

保险合同准备金 
长期借款 
应付债券 
其中：优先股 
永续债 

租赁负债 
长期应付款 
长期应付职工薪酬 
预计负债 
递延收益 
递延所得税负债 
其他非流动负债 

非流动负债合计 
负债合计 

所有者权益（或股东权益）： 

实收资本（或股本） 
其他权益工具 

2023 年年度报告 

七、28 
七、29 
七、30 

七、32 

75,135,665.82 
68,416,093.18 
12,444,237.30 
4,865,575,876.30 
6,533,003,098.15 

69,851,693.33 
81,277,670.65 
4,995,380.86 
4,873,864,868.07 
6,647,621,420.66 

90,114,583.33 

七、35 
七、36 
七、37 
七、38 

47,818,497.00 
342,661,668.15 
42,568,673.62 
838,599,176.53 

101,547,492.00 
268,172,334.64 
35,601,108.06 
868,628,549.03 

七、39 
七、40 
七、41 

41,670,056.60 
116,741,394.17 
371,287,470.95 

41,017,393.21 
96,603,211.86 
428,848,473.02 

七、43 
七、44 

43,227,207.16 
99,407,135.91 
1,943,981,280.09 

66,831,019.70 
103,046,686.69 
2,100,410,851.54 

七、47 

七、49 
七、50 
七、51 
七、29 

117,686,623.02 

144,559,055.06 

5,268,545.49 

12,597,788.94 
26,511,716.04 

9,804,447.83 
3,022,623.80 
12,996,786.90 
27,682,039.22 

162,064,673.49 
2,106,045,953.58 

198,064,952.81 
2,298,475,804.35 

七、53 

1,848,000,000.00 

1,848,000,000.00 

63 / 171 

 
 
 
 
 
 
 
 
 
 
 
 
 
 
 
 
 
 
 
 
 
 
 
 
 
 
 
 
 
 
 
 
 
 
 
 
 
 
 
 
 
 
 
 
 
 
 
 
 
 
 
 
 
 
 
 
 
 
 
 
 
 
 
 
 
 
 
 
 
 
 
2023 年年度报告 

其中：优先股 
永续债 

资本公积 
减：库存股 
其他综合收益 
专项储备 
盈余公积 
一般风险准备 
未分配利润 
归属于母公司所有者权益（或股东权益）合计 
少数股东权益 

所有者权益（或股东权益）合计 
负债和所有者权益（或股东权益）总计 

七、55 
七、56 

七、57 

七、60 

837,759,717.56 
159,868,496.03 

846,089,386.54 
79,260,794.76 

537,865,431.00 

515,523,598.13 

1,383,999,875.06 
4,447,756,527.59 
-20,799,383.02 
4,426,957,144.57 
6,533,003,098.15 

1,237,530,187.40 
4,367,882,377.31 
-18,736,761.00 
4,349,145,616.31 
6,647,621,420.66 

公司负责人：王钺            主管会计工作负责人：何兰红        会计机构负责人：黄明轩 

母公司资产负债表 
2023 年 12 月 31 日 

编制单位:文峰大世界连锁发展股份有限公司   

项目 

附注 

2023 年 12 月 31 日  2022 年 12 月 31 日 

单位:元  币种:人民币 

流动资产： 
货币资金 
交易性金融资产 
衍生金融资产 
应收票据 
应收账款 
应收款项融资 
预付款项 
其他应收款 
其中：应收利息 
应收股利 

存货 
合同资产 
持有待售资产 
一年内到期的非流动资产 
其他流动资产 

流动资产合计 

非流动资产： 
债权投资 
其他债权投资 
长期应收款 
长期股权投资 
其他权益工具投资 
其他非流动金融资产 
投资性房地产 

697,964,312.68 
50,347,095.89 

439,858,403.40 
277,660,574.82 

十九、1 

29,735,000.00 

24,225,000.00 

十九、2 

7,533,253.89 
329,345,195.60 
48,008,612.30 

62,750,570.07 
833,963,263.05 
53,123,094.16 

10,526.54 
1,162,943,996.90 

49,235,524.65 
5,890,100.38 
1,746,706,530.53 

十九、3 

4,689,276,574.30 

4,150,687,549.25 
6,738,816.49 

64 / 171 

 
 
 
 
 
 
 
 
 
 
 
 
 
 
 
 
 
 
 
 
 
 
 
 
 
 
 
 
 
 
 
 
 
 
 
 
 
 
 
 
 
 
 
 
 
 
 
 
 
 
 
 
 
 
 
 
 
 
 
 
 
 
 
 
 
 
 
 
 
 
固定资产 
在建工程 
生产性生物资产 
油气资产 
使用权资产 
无形资产 
开发支出 
商誉 
长期待摊费用 
递延所得税资产 
其他非流动资产 

非流动资产合计 
资产总计 

流动负债： 
短期借款 
交易性金融负债 
衍生金融负债 
应付票据 
应付账款 
预收款项 
合同负债 
应付职工薪酬 
应交税费 
其他应付款 
其中：应付利息 
应付股利 

持有待售负债 
一年内到期的非流动负债 
其他流动负债 

流动负债合计 

非流动负债： 
长期借款 
应付债券 
其中：优先股 
永续债 

租赁负债 
长期应付款 
长期应付职工薪酬 
预计负债 
递延收益 
递延所得税负债 
其他非流动负债 

非流动负债合计 
负债合计 

所有者权益（或股东权益）： 

实收资本（或股本） 
其他权益工具 
其中：优先股 

2023 年年度报告 

65 / 171 

110,187,809.02 
7,606,953.28 

134,471,301.53 
1,569,466.33 

13,939,652.04 
13,212,333.57 

34,673,844.66 
16,379,025.01 

5,492,352.02 
26,475,877.54 
6,714,660.00 
4,872,906,211.77 
6,035,850,208.67 

537,597,371.38 
329,747.15 
313,110,448.97 
7,363,904.57 
2,072,885.08 
205,953,061.24 

11,054,300.65 
44,660,000.28 

4,400,234,304.20 
6,146,940,834.73 

90,114,583.33 

120,000,000.00 
331,691,225.39 
374,462.48 
328,704,357.87 
8,798,483.26 
1,081,751.66 
401,199,554.32 

4,939,477.00 
38,977,863.79 
1,110,344,759.18 

12,454,688.04 
40,721,238.39 
1,335,140,344.74 

10,833,531.24 

24,952,028.12 

3,297,948.50 

86,773.97 

6,056,746.49 
3,022,623.80 

14,218,253.71 
1,124,563,012.89 

34,031,398.41 
1,369,171,743.15 

1,848,000,000.00 

1,848,000,000.00 

 
 
 
 
 
 
 
 
 
 
 
 
 
 
 
 
 
 
 
 
 
 
 
 
 
 
 
 
 
 
 
 
 
 
 
 
 
 
 
 
 
 
 
 
 
 
 
 
 
 
 
 
 
 
 
 
 
 
 
 
 
 
 
 
 
 
 
 
 
 
 
 
 
 
 
 
 
 
 
 
 
 
 
 
 
 
 
2023 年年度报告 

永续债 

资本公积 
减：库存股 
其他综合收益 
专项储备 
盈余公积 
未分配利润 

所有者权益（或股东权益）合计 

负债和所有者权益（或股东权益）总计 

688,862,147.58 
159,868,496.03 

698,154,670.81 
79,260,794.76 

532,787,924.82 
2,001,505,619.41 
4,911,287,195.78 
6,035,850,208.67 

510,446,091.95 
1,800,429,123.58 
4,777,769,091.58 
6,146,940,834.73 

公司负责人：王钺             主管会计工作负责人：何兰红       会计机构负责人：黄明轩 

项目 

一、营业总收入 
其中：营业收入 
利息收入 
已赚保费 
手续费及佣金收入 

二、营业总成本 
其中：营业成本 
利息支出 
手续费及佣金支出 
退保金 
赔付支出净额 
提取保险责任准备金净额 
保单红利支出 
分保费用 
税金及附加 
销售费用 
管理费用 
研发费用 
财务费用 
其中：利息费用 
利息收入 

加：其他收益 

投资收益（损失以“－”号填列） 
其中：对联营企业和合营企业的投资收益 
以摊余成本计量的金融资产终止确认收益 
汇兑收益（损失以“－”号填列） 
净敞口套期收益（损失以“-”号填列） 
公允价值变动收益（损失以“－”号填列） 

信用减值损失（损失以“-”号填列） 

资产减值损失（损失以“-”号填列） 

资产处置收益（损失以“－”号填列） 

合并利润表 
2023 年 1—12 月 

单位:元  币种:人民币 

附注 

七、61 

2023 年度 
2,165,656,276.26 
2,165,656,276.26 

2022 年度 
2,392,617,612.39 
2,392,617,612.39 

七、61 

1,961,805,649.44 
1,169,011,577.91 

2,221,488,952.50 
1,383,751,280.10 

七、62 
七、63 
七、64 

七、66 

七、67 
七、68 

80,904,703.22 
337,188,229.12 
342,166,632.73 

77,456,017.34 
368,934,972.13 
349,307,965.07 

32,534,506.46 
19,589,729.83 
5,810,968.45 
2,521,822.74 
34,873,468.14 
-697,159.87 

42,038,717.86 
28,741,510.98 
7,788,314.68 
3,814,063.24 
-76,581,059.31 
3,651,801.71 

七、70 
七、71 
七、72 
七、73 

66 / 171 

-475,923.34 
4,526,714.69 
-7,339,280.09 
2,262,423.57 

-228,969,590.91 
-1,502,326.62 
-18,118,606.28 
771,112.21 

 
 
 
 
 
 
 
 
 
 
 
 
 
 
 
 
 
 
 
 
 
 
 
 
 
 
 
 
 
 
 
 
 
 
 
 
 
 
 
 
 
 
 
 
 
 
 
 
 
 
 
 
 
 
 
 
 
 
 
 
 
 
 
 
 
 
 
2023 年年度报告 

三、营业利润（亏损以“－”号填列） 

加：营业外收入 
减：营业外支出 

四、利润总额（亏损总额以“－”号填列） 

减：所得税费用 

五、净利润（净亏损以“－”号填列） 
（一）按经营持续性分类 

1.持续经营净利润（净亏损以“－”号填列） 
2.终止经营净利润（净亏损以“－”号填列） 

（二）按所有权归属分类 

1.归属于母公司股东的净利润（净亏损以“-”号填列） 
2.少数股东损益（净亏损以“-”号填列） 

六、其他综合收益的税后净额 

（一）归属母公司所有者的其他综合收益的税后净额 
1．不能重分类进损益的其他综合收益 

（1）重新计量设定受益计划变动额 
（2）权益法下不能转损益的其他综合收益 
（3）其他权益工具投资公允价值变动 
（4）企业自身信用风险公允价值变动 
2．将重分类进损益的其他综合收益 
（1）权益法下可转损益的其他综合收益 
（2）其他债权投资公允价值变动 
（3）金融资产重分类计入其他综合收益的金额 
（4）其他债权投资信用减值准备 
（5）现金流量套期储备 
（6）外币财务报表折算差额 
（7）其他 
（二）归属于少数股东的其他综合收益的税后净额 

七、综合收益总额 

（一）归属于母公司所有者的综合收益总额 
（二）归属于少数股东的综合收益总额 

八、每股收益： 

（一）基本每股收益(元/股) 
（二）稀释每股收益(元/股) 

七、74 
七、75 

七、76 

240,219,852.53 
8,006,254.57 
5,703,253.81 
242,522,853.29 
77,576,870.95 
164,945,982.34 

-149,457,747.78 
16,155,233.30 
9,792,468.63 
-143,094,983.11 
25,667,806.32 
-168,762,789.43 

164,945,982.34 

-168,762,789.43 

-161,957,522.73 
-6,805,266.70 

170,576,239.29 
-5,630,256.95 
-1,764,718.76 
-1,764,718.76 
-1,764,718.76 

-1,764,718.76 

163,181,263.58 
168,811,520.53 
-5,630,256.95 

-168,762,789.43 
-161,957,522.73 
-6,805,266.70 

0.09 
0.09 

-0.09 
-0.09 

公司负责人：王钺           主管会计工作负责人：何兰红         会计机构负责人：黄明轩 

项目 

一、营业收入 

减：营业成本 

税金及附加 
销售费用 
管理费用 
研发费用 

母公司利润表 
2023 年 1—12 月 

附注 
十九、4 
十九、4 

67 / 171 

单位:元  币种:人民币 

2023 年度 
519,158,789.79 
311,970,697.95 
22,028,397.85 
33,991,128.77 
112,349,684.56 

2022 年度 
518,684,036.73 
320,013,660.20 
21,829,883.59 
44,823,890.20 
106,601,176.70 

 
 
 
 
 
 
 
 
 
 
 
 
 
 
 
 
 
 
 
 
 
 
 
 
 
 
 
 
 
 
 
 
 
 
 
 
 
 
 
 
 
 
 
 
 
 
 
 
 
 
 
 
 
 
 
 
 
 
 
 
 
 
 
 
 
 
 
 
 
2023 年年度报告 

财务费用 
其中：利息费用 
利息收入 

加：其他收益 

投资收益（损失以“－”号填列） 
其中：对联营企业和合营企业的投资收益 

十九、5 

以摊余成本计量的金融资产终止确认收益 
净敞口套期收益（损失以“-”号填列） 
公允价值变动收益（损失以“－”号填列） 
信用减值损失（损失以“-”号填列） 
资产减值损失（损失以“-”号填列） 
资产处置收益（损失以“－”号填列） 

二、营业利润（亏损以“－”号填列） 

加：营业外收入 
减：营业外支出 

三、利润总额（亏损总额以“－”号填列） 

减：所得税费用 

四、净利润（净亏损以“－”号填列） 

（一）持续经营净利润（净亏损以“－”号填列） 
（二）终止经营净利润（净亏损以“－”号填列） 

五、其他综合收益的税后净额 

（一）不能重分类进损益的其他综合收益 

1.重新计量设定受益计划变动额 
2.权益法下不能转损益的其他综合收益 
3.其他权益工具投资公允价值变动 
4.企业自身信用风险公允价值变动 
（二）将重分类进损益的其他综合收益 
1.权益法下可转损益的其他综合收益 
2.其他债权投资公允价值变动 
3.金融资产重分类计入其他综合收益的金额 
4.其他债权投资信用减值准备 
5.现金流量套期储备 
6.外币财务报表折算差额 
7.其他 
六、综合收益总额 
七、每股收益： 

（一）基本每股收益(元/股) 
（二）稀释每股收益(元/股) 

10,659,365.34 
10,163,254.55 
3,326,812.14 
173,007.93 
213,632,970.92 
-697,159.87 

15,356,874.88 
16,491,619.93 
5,496,495.79 
151,177.61 
62,772,270.12 
3,651,801.71 

347,095.89 
336,278.38 

-28,631,181.11 
-32,406,351.05 

445,957.50 
12,390,424.23 
3,284,964.19 
3,074,760.75 
12,600,627.67 
-31,406,621.86 
44,007,249.53 
44,007,249.53 

1,296,046.70 
243,944,915.14 
736,591.53 
1,227,562.50 
243,453,944.17 
18,270,896.71 
225,183,047.46 
225,183,047.46 

-1,764,718.76 
-1,764,718.76 

-1,764,718.76 

223,418,328.70 

44,007,249.53 

公司负责人：王钺           主管会计工作负责人：何兰红         会计机构负责人：黄明轩 

合并现金流量表 
2023 年 1—12 月 

项目 

附注 

2023年度 

2022年度 

单位：元  币种：人民币 

一、经营活动产生的现金流量： 

销售商品、提供劳务收到的现金 

2,426,379,927.33 

2,977,610,414.53 

68 / 171 

 
 
 
 
 
 
 
 
 
 
 
 
 
 
 
 
 
 
 
 
 
 
 
 
 
 
 
 
 
 
 
 
 
 
 
 
 
 
 
 
 
 
 
 
 
 
 
 
 
 
 
 
 
 
 
 
 
 
 
 
 
 
 
 
 
 
 
 
 
 
 
 
 
 
 
 
 
 
 
2023 年年度报告 

客户存款和同业存放款项净增加额 
向中央银行借款净增加额 
向其他金融机构拆入资金净增加额 
收到原保险合同保费取得的现金 
收到再保业务现金净额 
保户储金及投资款净增加额 
收取利息、手续费及佣金的现金 
拆入资金净增加额 
回购业务资金净增加额 
代理买卖证券收到的现金净额 
收到的税费返还 
收到其他与经营活动有关的现金 

经营活动现金流入小计 

购买商品、接受劳务支付的现金 
客户贷款及垫款净增加额 
存放中央银行和同业款项净增加额 
支付原保险合同赔付款项的现金 
拆出资金净增加额 
支付利息、手续费及佣金的现金 
支付保单红利的现金 
支付给职工及为职工支付的现金 
支付的各项税费 
支付其他与经营活动有关的现金 

经营活动现金流出小计 

经营活动产生的现金流量净额 

二、投资活动产生的现金流量： 
收回投资收到的现金 
取得投资收益收到的现金 
处置固定资产、无形资产和其他长期资产收回的现金净额 

处置子公司及其他营业单位收到的现金净额 

收到其他与投资活动有关的现金 

投资活动现金流入小计 

购建固定资产、无形资产和其他长期资产支付的现金 

投资支付的现金 
质押贷款净增加额 
取得子公司及其他营业单位支付的现金净额 

支付其他与投资活动有关的现金 

投资活动现金流出小计 

投资活动产生的现金流量净额 

三、筹资活动产生的现金流量： 

吸收投资收到的现金 
其中：子公司吸收少数股东投资收到的现金 

取得借款收到的现金 
收到其他与筹资活动有关的现金 

筹资活动现金流入小计 

偿还债务支付的现金 
分配股利、利润或偿付利息支付的现金 

其中：子公司支付给少数股东的股利、利润 
支付其他与筹资活动有关的现金 

37,595,323.40 
319,221,957.42 
2,783,197,208.15 
1,306,784,844.37 

61,694,732.94 
279,458,680.81 
3,318,763,828.28 
2,024,543,746.66 

295,853,009.54 
277,197,410.73 
219,895,722.07 
2,099,730,986.71 
683,466,221.44 

324,979,595.82 
275,482,401.80 
210,575,639.32 
2,835,581,383.60 
483,182,444.68 

4,736,832,211.19 
11,743,725.40 
3,268,595.98 

2,997,077,015.00 
13,274,290.29 
1,155,809.83 

4,751,844,532.57 
201,616,999.15 
4,331,800,000.00 

94,281,840.69 
5,059,566.03 
4,632,758,405.87 
119,086,126.70 

200,000.00 
200,000.00 
375,500,000.00 
82,904,432.01 
458,604,432.01 
684,000,000.00 
9,641,684.75 

16,148,615.10 
3,027,655,730.22 
232,747,015.01 
2,675,483,111.17 

6,000,000.00 

2,914,230,126.18 
113,425,604.04 

501,550,000.00 
134,800.00 
501,684,800.00 
506,550,000.00 
250,634,326.97 

144,238,390.29 

90,541,694.33 

69 / 171 

 
 
 
 
 
 
 
 
 
 
 
 
 
 
 
 
 
 
 
 
 
 
 
 
 
 
 
 
 
 
 
 
 
 
 
 
 
 
 
 
 
 
 
 
 
 
 
 
 
 
 
 
 
 
 
 
 
 
 
 
 
 
 
 
 
 
 
 
 
 
 
 
 
 
 
 
 
 
 
 
 
 
 
 
 
 
 
 
 
 
2023 年年度报告 

筹资活动现金流出小计 

筹资活动产生的现金流量净额 
四、汇率变动对现金及现金等价物的影响 
五、现金及现金等价物净增加额 

加：期初现金及现金等价物余额 

六、期末现金及现金等价物余额 

837,880,075.04 
-379,275,643.03 

847,726,021.30 
-346,041,221.30 

423,276,705.11 
658,777,505.20 
1,082,054,210.31 

250,566,827.42 
408,210,677.78 
658,777,505.20 

公司负责人：王钺            主管会计工作负责人：何兰红       会计机构负责人：黄明轩 

母公司现金流量表 
2023 年 1—12 月 

项目 

附注 

2023年度 

2022年度 

单位:元  币种:人民币 

一、经营活动产生的现金流量： 

销售商品、提供劳务收到的现金 
收到的税费返还 
收到其他与经营活动有关的现金 

经营活动现金流入小计 

购买商品、接受劳务支付的现金 
支付给职工及为职工支付的现金 
支付的各项税费 
支付其他与经营活动有关的现金 

经营活动现金流出小计 

经营活动产生的现金流量净额 
二、投资活动产生的现金流量： 

收回投资收到的现金 
取得投资收益收到的现金 
处置固定资产、无形资产和其他长期资产收回的现金净额 

处置子公司及其他营业单位收到的现金净额 
收到其他与投资活动有关的现金 

投资活动现金流入小计 

购建固定资产、无形资产和其他长期资产支付的现金 
投资支付的现金 
取得子公司及其他营业单位支付的现金净额 
支付其他与投资活动有关的现金 

投资活动现金流出小计 

投资活动产生的现金流量净额 

三、筹资活动产生的现金流量： 

吸收投资收到的现金 
取得借款收到的现金 
收到其他与筹资活动有关的现金 

筹资活动现金流入小计 

偿还债务支付的现金 
分配股利、利润或偿付利息支付的现金 
支付其他与筹资活动有关的现金 

筹资活动现金流出小计 

筹资活动产生的现金流量净额 

70 / 171 

726,101,417.47 
14,645,883.04 
189,029,006.84 
929,776,307.35 
275,419,174.21 
60,590,318.48 
58,270,238.24 
466,525,663.76 
860,805,394.69 
68,970,912.66 

780,817,128.49 
11,435,604.49 
250,381,841.20 
1,042,634,574.18 
496,348,158.49 
64,486,930.72 
52,655,353.29 
376,838,397.08 
990,328,839.58 
52,305,734.60 

2,988,060,410.78 
191,268,506.06 
1,522,546.65 

1,572,168,815.41 
152,627,619.72 
2,052,881.75 

54,106,129.86 
3,234,957,593.35 
17,176,786.46 
2,575,200,000.00 

17,850,000.00 
1,744,699,316.88 
22,102,126.82 
1,180,431,935.65 

25,040,000.00 
2,617,416,786.46 
617,540,806.89 

54,260,000.00 
1,256,794,062.47 
487,905,254.41 

375,500,000.00 
32,775,103.55 
408,275,103.55 
600,500,000.00 
8,377,627.80 
177,115,751.78 
785,993,379.58 
-377,718,276.03 

501,550,000.00 

501,550,000.00 
506,550,000.00 
250,634,326.97 
47,166,523.40 
804,350,850.37 
-302,800,850.37 

 
 
 
 
 
 
 
 
 
 
 
 
 
 
 
 
 
 
 
 
 
 
 
 
 
 
 
 
 
 
 
 
 
 
 
 
 
 
 
 
 
 
 
 
 
 
 
 
 
 
 
2023 年年度报告 

四、汇率变动对现金及现金等价物的影响 
五、现金及现金等价物净增加额 

加：期初现金及现金等价物余额 

六、期末现金及现金等价物余额 

308,793,443.52 
388,004,969.16 
696,798,412.68 

237,410,138.64 
150,594,830.52 
388,004,969.16 

公司负责人：王钺           主管会计工作负责人：何兰红         会计机构负责人：黄明轩 

71 / 171 

 
 
 
 
 
 
 
 
 
 
