资产

现金及存放中央银行款项

存放同业款项

拆出资金

衍生金融资产

买入返售金融资产

发放贷款和垫款

金融投资 ：

交易性金融资产

债权投资

其他债权投资

其他权益工具投资

长期股权投资

投资性房地产

固定资产

在建工程

使用权资产

无形资产

商誉

递延所得税资产

其他资产

资产总计

后附财务报表附注为本财务报表的组成部分

附注五

1

2

3

4

5

6

7

7(a)

7(b)

7(c)

7(d)

8

9

10

11

12

13

14

15

16

2023年 
12月31日

2022年 
12月31日

115,302,787

114,473,943

21,929,705

25,777,277

6,826,781

47,492,179

23,698,897

13,788,191

6,985,843

52,627,697

1,066,932,114

914,911,172

443,007,912

331,224,288

195,720,434

402,350,741

341,734,845

155,977,730

2,133,203

8,049,115

1,189,887

7,949,110

2,629,418

1,312,979

1,132,750

210,050

5,873,503

3,582,424

1,801,896

7,513,996

11,449

7,213,896

2,156,469

1,257,817

611,470

210,050

6,623,690

5,533,947

2,288,275,916

2,059,483,739

126

合并资产负债表2023年12月31日人民币千元南京银行股份有限公司 
 
 
 
 
 
 
 
 
 
 
 
负债

向中央银行借款

同业及其他金融机构存放款项

拆入资金

交易性金融负债

衍生金融负债

卖出回购金融资产款

吸收存款

应付职工薪酬

应交税费

应付债券

租赁负债

预计负债

其他负债

负债合计

股东权益

股本

其他权益工具

其中 ：优先股

永续债

资本公积

其他综合收益

盈余公积

一般风险准备

未分配利润

归属于母公司股东权益合计

少数股东权益

股东权益合计

负债及股东权益总计

本财务报表由以下人士签署 ：

附注五

18

19

20

21

4

22

23

24

25

26

27

28

29

30

31

32

33

34

35

36

37

2023年 
12月31日

153,317,500

164,808,615

38,885,817

424,482

6,728,762

2022年 
12月31日

129,736,792

178,751,596

24,847,751

262,487

7,003,584

66,542,427

50,039,051

1,396,365,869

1,261,132,423

7,852,499

2,263,548

7,362,764

2,342,280

258,373,078

230,766,406

1,256,410

776,228

18,086,616

1,205,349

1,248,731

7,085,690

2,115,681,851

1,901,784,904

10,343,733

31,571,972

9,849,813

19,997,811

26,409,231

648,358

11,857,217

22,143,535

66,587,246

10,343,718

31,571,987

9,849,813

19,997,811

26,455,733

(829,319)

10,128,129

20,070,178

58,515,766

169,561,292

156,256,192

3,032,773

1,442,643

172,594,065

157,698,835

2,288,275,916

2,059,483,739

法定代表人

谢宁

行长及财务负责人

朱钢

财务机构负责人

朱晓洁

后附财务报表附注为本财务报表的组成部分

127

二零二三年度报告合并资产负债表（续）2023年12月31日人民币千元 
 
 
 
 
 
 
 
 
 
 
 
 
 
 
 
 
 
 
 
 
 
 
 
 
 
 
 
营业收入

利息净收入

利息收入

利息支出

手续费及佣金净收入

手续费及佣金收入

手续费及佣金支出

投资收益

其中 ：对联营企业和合营企业的投资收益

以摊余成本计量的金融资产终止确认产生的收益

公允价值变动收益

汇兑收益

其他业务收入

其他收益

资产处置收益

营业支出

税金及附加

业务及管理费

信用减值损失

其他资产减值损失

其他业务成本

营业利润

加 ：营业外收入

减 ：营业外支出

利润总额

减 ：所得税费用

净利润

按经营持续性分类

持续经营净利润

按所有权归属分类

归属于母公司股东的净利润

少数股东损益

后附财务报表附注为本财务报表的组成部分

附注五

39

40

41

42

43

44

45

46

2023年度

45,159,511

25,451,534

74,748,460

2022年度

44,606,440

26,970,472

68,945,148

(49,296,926)

(41,974,676)

3,628,786

4,294,626

(665,840)

5,344,041

5,855,125

(511,084)

14,814,412

10,967,668

833,927

387,304

1,717,565

(1,537,162)

307,848

769,503

7,025

739,554

357,482

2,695,691

(2,113,722)

222,963

521,180

(1,853)

(23,309,790)

(22,815,584)

(620,346)

(557,510)

(13,761,761)

(13,271,096)

(8,769,764)

(8,842,134)

(4,397)

(153,522)

1,044

(145,888)

21,849,721

21,790,856

94,923

(70,611)

21,874,033

(3,243,551)

21,268

(73,015)

21,739,109

(3,195,153)

18,630,482

18,543,956

18,630,482

18,543,956

18,502,084

128,398

18,408,039

135,917

128

合并利润表2023年度人民币千元南京银行股份有限公司 
 
 
 
 
 
 
 
 
 
 
 
 
 
 
 
 
 
 
 
 
 
 
 
其他综合收益的税后净额

附注五

2023年度

1,477,677

2022年度

(1,682,893)

归属于母公司股东的其他综合收益的税后净额

33

1,477,677

(1,682,893)

（一）  不能重分类进损益的其他综合收益

其他权益工具投资公允价值变动
（二）  将重分类进损益的其他综合收益

  权益法下可转损益的其他综合收益
  其他债权投资公允价值变动
  其他债权投资信用减值准备

归属于少数股东的其他综合收益的税后净额

综合收益总额

其中 ：

归属于母公司股东的综合收益总额

归属于少数股东的综合收益总额

每股收益（人民币元╱股）
基本每股收益

稀释每股收益

本财务报表由以下人士签署 ：

220,276

220,276

1,257,401

61,920

957,194

238,287

–

(139,897)

(139,897)

(1,542,996)

(97,277)

(1,621,272)

175,553

–

20,108,159

16,861,063

19,979,761

128,398

16,725,146

135,917

47

47

1.68

1.47

1.76

1.54

法定代表人

谢宁

行长及财务负责人

朱钢

财务机构负责人

朱晓洁

后附财务报表附注为本财务报表的组成部分

129

二零二三年度报告合并利润表（续）2023年度人民币千元 
 
 
 
 
 
 
 
 
 
 
 
 
 
 
 
一 、 经营活动产生的现金流量 ：

吸收存款和同业存放款项净增加额
向中央银行借款净增加额
向其他金融机构拆入资金净增加额
收取利息 、手续费及佣金的现金
收到其他与经营活动有关的现金

经营活动现金流入小计

发放贷款和垫款净增加额
存放中央银行和同业款项净增加额
向其他金融机构拆入资金净减少额
支付利息 、手续费及佣金的现金
支付给职工以及为职工支付的现金
支付的各项税费
支付其他与经营活动有关的现金

经营活动现金流出小计

经营活动产生的现金流量净额

二 、 投资活动产生的现金流量 ：
收回投资收到的现金
取得投资收益收到的现金
收到其他与投资活动有关的现金

投资活动现金流入小计

投资支付的现金
取得子公司及其他营业单位支付的现金
购建固定资产 、无形资产和其他长期资产支付的现金

投资活动现金流出小计

投资活动使用的现金流量净额

三 、 筹资活动产生的现金流量 ：

发行债券所收到的现金
吸收投资收到的现金

筹资活动现金流入小计

偿还债务支付的现金
分配股利 、利润或偿付利息支付的现金
偿付租赁负债支付的现金
支付的其他与筹资活动有关的现金

筹资活动现金流出小计

筹资活动产生的现金流量净额

四 、 汇率变动对现金及现金等价物的影响额

五 、 本年现金及现金等价物净增加（减少）额

加 ：年初现金及现金等价物余额

六 、 年末现金及现金等价物余额

本财务报表由以下人士签署 ：

附注五

2023年度

2022年度

117,148,244
23,157,783
23,284,706
86,685,984
11,681,316

270,496,945
20,924,739
–
80,315,254
1,789,865

261,958,033

373,526,803

(159,857,523)
(3,444,453)
–
(39,477,239)
(8,681,608)
(7,456,057)
(5,982,214)

(156,740,318)
(1,570,497)
(66,119,910)
(27,534,957)
(7,838,259)
(7,054,960)
(8,847,334)

(224,899,094)

(275,706,235)

48

37,058,939

97,820,568

1,323,343,514
6,325,263
13,680

1,383,884,047
4,047,883
177

1,329,682,457

1,387,932,107

(1,385,145,807)
–
(2,113,824)

(1,485,776,702)
(333,547)
(798,087)

(1,387,259,631)

(1,486,908,336)

(57,577,174)

(98,976,229)

262,793,926
1,486,000

313,268,584
–

264,279,926

313,268,584

(238,327,382)
(9,411,462)
(457,060)
–

(285,770,000)
(7,322,835)
(384,076)
(151,360)

(248,195,904)

(293,628,271)

16,084,022

19,640,313

63,292

(4,370,921)

43,289,928

38,919,007

669,474

19,154,126

24,135,802

43,289,928

48

法定代表人

谢宁

行长及财务负责人

朱钢

财务机构负责人

朱晓洁

后附财务报表附注为本财务报表的组成部分

132

合并现金流量表2023年度人民币千元南京银行股份有限公司 
 
 
 
 
 
 
 
 
 
 
 
 
 
 
 
 
 
 
 
 
 
 
 
 
 
 
 
 
 
 
 
 
 
 
 
 
 
 
 
 
 
 
 
 
 
 
 
 
 
 
 
 
 
 
 
 
 
 
 
 
 
 
 
 
 
 
 
 
 
 
 
 
 
 
 
 
 
 
 
 
 
 
 
 
 
 
 
 
 
 
 
 
 
 
 
 
 
 
 
资产

现金及存放中央银行款项

附注十八

存放同业款项

拆出资金

衍生金融资产

买入返售金融资产

发放贷款和垫款

金融投资 ：

交易性金融资产

债权投资

其他债权投资

其他权益工具投资

长期股权投资

投资性房地产

固定资产

在建工程

使用权资产

无形资产

递延所得税资产

其他资产

资产总计

后附财务报表附注为本财务报表的组成部分

2023年 
12月31日

2022年 
12月31日

113,314,052

112,462,015

19,194,807

27,902,315

6,826,743

46,398,450

21,931,496

15,821,217

6,985,843

51,812,699

2

1,023,887,584

898,846,151

1

412,613,994

328,181,199

195,720,434

2,133,203

15,157,903

1,182,009

7,894,646

2,563,565

1,189,394

927,730

5,333,584

2,907,986

388,113,673

339,503,477

155,977,730

1,801,896

11,708,207

2,379

7,196,394

2,090,617

1,211,770

509,460

6,333,946

4,859,003

2,213,329,598

2,027,167,973

133

资产负债表2023年12月31日人民币千元二零二三年度报告 
 
 
 
 
 
 
 
 
 
 
 
负债

向中央银行借款

同业及其他金融机构存放款项

拆入资金

交易性金融负债

衍生金融负债

卖出回购金融资产款

吸收存款

应付职工薪酬

应交税费

应付债券

租赁负债

预计负债

其他负债

负债合计

股东权益

股本

其他权益工具

其中 ：优先股

永续债

资本公积

其他综合收益

盈余公积

一般风险准备

未分配利润

股东权益合计

负债及股东权益总计

本财务报表由以下人士签署 ：

附注十八

2023年 
12月31日

152,587,185

167,594,617

13,471,663

–

6,728,750

52,628,761

2022年 
12月31日

128,579,325

180,207,861

22,955,188

–

7,003,584

42,102,760

1,381,793,696

1,248,145,569

6,870,870

1,831,517

6,680,396

2,123,938

258,373,078

230,766,406

1,136,254

772,740

4,175,276

1,161,747

1,246,032

3,366,848

2,047,964,407

1,874,339,654

10,343,733

31,571,972

9,849,813

19,997,811

26,489,361

648,358

11,857,217

21,014,664

63,439,886

10,343,718

31,571,987

9,849,813

19,997,811

26,536,412

(829,319)

10,128,129

19,126,935

55,950,457

165,365,191

152,828,319

2,213,329,598

2,027,167,973

法定代表人

谢宁

行长及财务负责人

朱钢

财务机构负责人

朱晓洁

后附财务报表附注为本财务报表的组成部分

134

南京银行股份有限公司资产负债表（续）2023年12月31日人民币千元 
 
 
 
 
 
 
 
 
 
 
 
 
 
 
 
 
 
 
 
 
 
 
 
营业收入

利息净收入

利息收入

利息支出

手续费及佣金净收入

手续费及佣金收入

手续费及佣金支出

投资收益

其中 ：对联营企业和合营企业的投资收益

以摊余成本计量的金融资产终止确认产生的收益

公允价值变动收益

汇兑收益

其他业务收入

其他收益

资产处置收益

营业支出

税金及附加

业务及管理费

信用减值损失

其他资产减值损失

其他业务成本

营业利润

加 ：营业外收入

减 ：营业外支出

利润总额

减 ：所得税费用

净利润

按经营持续性分类

持续经营净利润

后附财务报表附注为本财务报表的组成部分

附注十八

3

2023年度

40,636,605

22,980,039

71,411,094

2022年度

41,993,045

26,326,942

67,956,129

(48,431,055)

(41,629,187)

1,749,855

3,037,356

(1,287,501)

14,772,688

833,927

387,304

1,679,945

(1,537,162)

314,667

669,548

7,025

3,647,777

4,150,169

(502,392)

10,792,243

739,580

357,482

2,732,299

(2,113,722)

232,491

376,825

(1,810)

(19,986,031)

(21,840,099)

(585,437)

(541,537)

(12,104,125)

(12,406,762)

(7,145,271)

(8,747,907)

(4,397)

(146,801)

1,044

(144,937)

20,650,574

20,152,946

92,171

(65,917)

20,676,828

(2,942,423)

19,556

(71,331)

20,101,171

(2,810,293)

17,734,405

17,290,878

17,734,405

17,290,878

135

利润表2023年度人民币千元二零二三年度报告 
 
 
 
 
 
 
 
 
 
 
 
 
 
 
 
 
 
 
 
 
 
 
 
其他综合收益的税后净额

（一）不能重分类进损益的其他综合收益

其他权益工具投资公允价值变动

（二）将重分类进损益的其他综合收益

权益法下可转损益的其他综合收益

其他债权投资公允价值变动

其他债权投资信用减值准备

综合收益总额

本财务报表由以下人士签署 ：

附注十八

2023年度

1,477,677

220,276

220,276

1,257,401

61,920

957,194

238,287

2022年度

(1,682,893)

(139,897)

(139,897)

(1,542,996)

(97,277)

(1,621,272)

175,553

19,212,082

15,607,985

法定代表人

谢宁

行长及财务负责人

朱钢

财务机构负责人

朱晓洁

后附财务报表附注为本财务报表的组成部分

136

南京银行股份有限公司利润表（续）2023年度人民币千元 
 
 
 
 
 
 
 
 
 
 
 
一 、 经营活动产生的现金流量 ：

吸收存款和同业存放款项净增加额

向中央银行借款净增加额

收取利息 、手续费及佣金的现金

收到其他与经营活动有关的现金

经营活动现金流入小计

发放贷款和垫款净增加额

存放中央银行和同业款项净增加额

向其他金融机构拆入资金净减少额

支付利息 、手续费及佣金的现金

支付给职工以及为职工支付的现金

支付的各项税费

支付其他与经营活动有关的现金

经营活动现金流出小计

经营活动产生现金流量净额

二 、 投资活动产生的现金流量 ：

收回投资收到的现金

取得投资收益收到的现金

收到其他与投资活动有关的现金

投资活动现金流入小计

投资支付的现金

取得子公司及其他营业单位支付的现金

购建固定资产 、无形资产和其他长期资产支付的现金

投资活动现金流出小计

投资活动使用的现金流量净额

后附财务报表附注为本财务报表的组成部分

附注十八

2023年度

2022年度

116,906,832

269,387,934

23,584,688

80,803,657

1,265,570

21,187,097

77,530,738

680,055

222,560,747

368,785,824

(131,501,716)

(158,980,396)

(3,078,008)

(5,746,179)

(39,042,199)

(7,723,316)

(6,818,795)

(4,464,759)

(1,703,399)

(67,486,421)

(27,230,168)

(7,377,435)

(6,466,541)

(7,906,225)

(198,374,972)

(277,150,585)

4

24,185,775

91,635,239

1,335,031,037

1,382,918,074

6,196,934

13,628

4,032,153

106

1,341,241,599

1,386,950,333

(1,383,220,512)

(1,478,653,220)

–

(1,873,727)

(387,860)

(752,028)

(1,385,094,239)

(1,479,793,108)

(43,852,640)

(92,842,775)

139

现金流量表2023年度人民币千元二零二三年度报告 
 
 
 
 
 
 
 
 
 
 
 
 
 
 
 
 
 
 
 
 
 
 
 
 
 
 
 
 
 
 
 
 
 
 
 
 
 
 
 
 
 
 
 
 
 
 
 
 
 
 
 
 
 
 
三 、 筹资活动产生的现金流量 ：

发行债券所收到的现金

筹资活动现金流入小计

偿还债务支付的现金

分配股利 、利润或偿付利息支付的现金

偿付租赁负债支付的现金

筹资活动现金流出小计

筹资活动产生的现金流量净额

四 、 汇率变动对现金及现金等价物的影响额

五 、 本年现金及现金等价物净增加（减少）额

加 ：年初现金及现金等价物余额

六 、 年末现金及现金等价物余额

本财务报表由以下人士签署 ：

附注十八

2023年度

2022年度

262,793,926

313,268,584

262,793,926

313,268,584

(238,327,382)

(285,770,000)

(9,387,743)

(419,666)

(7,305,743)

(375,423)

(248,134,791)

(293,451,166)

14,659,135

19,817,418

63,292

669,474

(4,944,438)

19,279,356

40,722,379

21,443,023

35,777,941

40,722,379

法定代表人

谢宁

行长及财务负责人

朱钢

财务机构负责人

朱晓洁

后附财务报表附注为本财务报表的组成部分

140

南京银行股份有限公司现金流量表（续）2023年度人民币千元 
 
 
 
 
 
 
 
 
 
 
 
 
 
 
 
 
 
 
 
 
 
 
 
 
 
 
 
 
 
 
 
 
 
 
 
 
 
 
 
 
 
 
 
 
 
 
 
 
 
