2023 年年度报告 

从与治理层沟通过的事项中，我们确定哪些事项对本期财务报表审计最为重要，因而构
成关键审计事项。我们在审计报告中描述这些事项，除非法律法规禁止公开披露这些事项，
或在极少数情形下，如果合理预期在审计报告中沟通某事项造成的负面后果超过在公众利益
方面产生的益处，我们确定不应在审计报告中沟通该事项。 

安永华明（2024）审字第70018406_B01号 
永辉超市股份有限公司 

二、 财务报表 

编制单位: 永辉超市股份有限公司 

合并资产负债表 
2023 年 12 月 31 日 

项目 

附注 

2023 年 12 月 31 日 

2022 年 12 月 31 日 

单位:元  币种:人民币 

流动资产： 

货币资金 

5,839,069,618.08 

7,615,940,712.22 

发放贷款及垫款（短期） 

537,340,391.79 

818,071,041.50 

交易性金融资产 

735,971,777.07 

890,826,719.10 

应收票据 

应收保理款 

应收账款 

应收款项融资 

预付款项 

其他应收款 

其中：应收利息 

应收股利 

存货 

持有待售资产 

68,688,964.38 

639,126,680.56 

421,742,480.93 

530,610,931.13 

1,185,220,271.68 

1,389,235,355.79 

563,971,664.48 

649,676,328.75 

941,391.67 

770,879.94 

8,268,982,538.27 

10,466,589,497.14 

一年内到期的非流动资产 

49,380,092.40 

43,534,741.35 

其他流动资产 

流动资产合计 

非流动资产： 

发放贷款和垫款 

债权投资 

其他债权投资 

1,365,370,529.47 

1,493,846,008.90 

19,035,738,328.55 

24,537,458,016.44 

20,568,200.17 

76,991,144.35 

118 / 292 

 
 
 
 
 
 
 
 
 
 
 
 
 
 
 
 
 
 
 
 
 
 
 
 
 
 
 
 
 
 
 
 
 
 
 
 
2023 年年度报告 

227,393,410.57 

264,650,510.99 

3,231,665,078.02 

3,639,581,470.56 

3,651,480,119.24 

3,918,000,000.00 

300,148,229.00 

311,134,379.64 

3,842,169,544.96 

4,114,413,404.13 

240,333,156.71 

383,281,366.61 

12,091,311.79 

12,727,696.62 

17,033,171,909.36 

19,417,724,491.81 

1,037,948,337.18 

1,313,822,703.50 

10,899,846.17 

3,661,378.25 

3,661,378.25 

2,302,495,702.63 

2,900,454,980.29 

1,113,173,093.71 

1,238,414,692.18 

33,016,299,471.59 

37,605,758,065.10 

52,052,037,800.14 

62,143,216,081.54 

5,130,220,089.04 

6,528,480,368.69 

9,816,260,354.84 

12,155,435,663.28 

106,067,963.44 

196,630,132.94 

4,850,841,586.20 

4,826,600,547.79 

602,858,043.72 

758,314,886.20 

245,448,868.97 

229,606,730.28 

1,725,134,598.87 

1,899,603,590.71 

长期应收款 

长期股权投资 

其他权益工具投资 

其他非流动金融资产 

投资性房地产 

固定资产 

在建工程 

生产性生物资产 

使用权资产 

无形资产 

开发支出 

商誉 

长期待摊费用 

递延所得税资产 

其他非流动资产 

非流动资产合计 

资产总计 

流动负债： 

短期借款 

交易性金融负债 

应付票据 

应付账款 

预收款项 

合同负债 

应付职工薪酬 

应交税费 

其他应付款 

其中：应付利息 

应付股利 

一年内到期的非流动负债 

1,792,351,864.19 

2,011,863,655.60 

其他流动负债 

流动负债合计 

457,882,012.38 

460,794,502.35 

24,727,065,381.65 

29,067,330,077.84 

119 / 292 

 
 
 
 
 
 
 
 
 
 
 
 
 
 
 
 
 
 
 
 
 
 
 
 
 
 
 
 
 
 
 
 
 
 
 
 
 
 
 
 
 
 
 
 
 
非流动负债： 

长期借款 

应付债券 

其中：优先股 

永续债 

租赁负债 

长期应付款 

长期应付职工薪酬 

预计负债 

递延收益 

递延所得税负债 

其他非流动负债 

非流动负债合计 

负债合计 

2023 年年度报告 

349,889,789.58 

2,070,085,001.67 

20,781,462,184.01 

23,110,834,161.62 

37,797,080.80 

7,383,565.56 

99,470,899.92 

104,500,259.85 

74,683,702.79 

126,183,109.37 

46,931,643.83 

21,390,235,300.93 

25,418,986,098.07 

46,117,300,682.58 

54,486,316,175.91 

所有者权益（或股东权益）： 

实收资本（或股本） 

9,075,036,993.00 

9,075,036,993.00 

其他权益工具 

其中：优先股 

永续债 

资本公积 

减：库存股 

其他综合收益 

专项储备 

盈余公积 

一般风险准备 

未分配利润 

归属于母公司所有者权益

（或股东权益）合计 

少数股东权益 

所有者权益（或股东权

益）合计 

负债和所有者权益（或

股东权益）总计 

4,315,325,163.65 

4,292,122,541.86 

488,768,297.30 

263,483,654.25 

5,073,713.42 

440,260.72 

1,132,840,649.96 

1,113,275,260.54 

-8,100,437,582.18 

-6,751,820,069.61 

5,939,070,640.55 

7,465,571,332.26 

-4,333,522.99 

191,328,573.37 

5,934,737,117.56 

7,656,899,905.63 

52,052,037,800.14 

62,143,216,081.54 

120 / 292 

 
 
 
 
 
 
 
 
 
 
 
 
 
 
 
 
 
 
 
 
 
 
 
 
 
 
 
 
 
 
 
 
 
 
 
 
 
 
 
 
 
 
 
 
 
 
 
 
 
 
 
2023 年年度报告 

公司负责人：张轩松 主管会计工作负责人：吴凯之 会计机构负责人：林伟 

编制单位:永辉超市股份有限公司   

母公司资产负债表 
2023 年 12 月 31 日 

项目 

附注 

2023 年 12 月 31 日 

2022 年 12 月 31 日 

单位:元  币种:人民币 

流动资产： 

货币资金 

交易性金融资产 

应收票据 

应收账款 

应收款项融资 

预付款项 

其他应收款 

其中：应收利息 

应收股利 

存货 

持有待售资产 

4,092,150,003.46 

3,783,211,358.85 

253,755,385.82 

69,717,307.96 

72,737,987.04 

49,071,202.87 

64,776,716.71 

10,036,094,493.61 

11,153,838,335.49 

328,866,754.44 

368,298,463.42 

一年内到期的非流动资产 

6,357,530.82 

其他流动资产 

流动资产合计 

非流动资产： 

债权投资 

其他债权投资 

长期应收款 

长期股权投资 

其他权益工具投资 

其他非流动金融资产 

投资性房地产 

固定资产 

在建工程 

生产性生物资产 

49,920,265.13 

69,830,506.40 

14,625,820,027.47 

15,772,806,284.55 

2,642,385.68 

1,531,345.04 

11,570,623,447.32 

11,738,586,682.57 

3,651,480,119.24 

3,918,000,000.00 

324,426,598.97 

346,607,781.14 

3,237,965.73 

3,998,093.26 

121 / 292 

 
 
 
 
 
 
 
 
 
 
 
 
 
 
 
 
 
 
 
 
 
 
 
 
 
 
 
 
 
 
 
 
 
 
 
 
 
 
 
 
 
 
 
 
 
 
 
 
 
2023 年年度报告 

631,471,105.03 

567,549,059.54 

137,208,365.14 

206,431,930.89 

51,082,303.52 

72,494,628.86 

14,687,600.10 

126,706,236.37 

16,386,859,890.73 

16,981,905,757.67 

31,012,679,918.20 

32,754,712,042.22 

1,901,562,910.56 

1,828,480,368.69 

2,350,000,000.00 

3,500,000,000.00 

283,173,469.95 

371,341,837.03 

3,775,967.04 

108,195,847.09 

837,046,681.71 

439,087,861.62 

62,935,418.83 

60,595,465.25 

36,463,845.96 

12,100,931.30 

7,607,743,154.26 

6,757,386,210.90 

使用权资产 

无形资产 

开发支出 

商誉 

长期待摊费用 

递延所得税资产 

其他非流动资产 

非流动资产合计 

资产总计 

流动负债： 

短期借款 

交易性金融负债 

应付票据 

应付账款 

预收款项 

合同负债 

应付职工薪酬 

应交税费 

其他应付款 

其中：应付利息 

应付股利 

一年内到期的非流动负债 

108,725,795.87 

261,631,905.17 

其他流动负债 

流动负债合计 

非流动负债： 

长期借款 

应付债券 

其中：优先股 

永续债 

租赁负债 

长期应付款 

长期应付职工薪酬 

78,767,719.45 

40,849,231.73 

13,270,194,963.63 

13,379,669,658.78 

349,889,789.58 

2,070,085,001.67 

647,779,325.30 

559,114,586.21 

122 / 292 

 
 
 
 
 
 
 
 
 
 
 
 
 
 
 
 
 
 
 
 
 
 
 
 
 
 
 
 
 
 
 
 
 
 
 
 
 
 
 
 
 
 
 
 
 
 
 
 
 
 
 
 
 
预计负债 

递延收益 

递延所得税负债 

其他非流动负债 

非流动负债合计 

负债合计 

所有者权益（或股东权益）： 

2023 年年度报告 

2,383,510.52 

2,133,333.48 

3,733,333.44 

1,002,185,958.88 

2,632,932,921.32 

14,272,380,922.51 

16,012,602,580.10 

实收资本（或股本） 

9,075,036,993.00 

9,075,036,993.00 

其他权益工具 

其中：优先股 

永续债 

资本公积 

减：库存股 

其他综合收益 

专项储备 

盈余公积 

未分配利润 

所有者权益（或股东权

益）合计 

负债和所有者权益（或

4,173,624,245.73 

4,150,421,623.94 

488,768,297.30 

263,483,654.25 

5,403,581.79 

785,921.18 

1,132,840,649.96 

1,113,275,260.54 

2,842,161,822.51 

2,666,073,317.71 

16,740,298,995.69 

16,742,109,462.12 

股东权益）总计 
公司负责人：张轩松 主管会计工作负责人：吴凯之 会计机构负责人：林伟 

31,012,679,918.20 

32,754,712,042.22 

合并利润表 
2023 年 1—12 月 

项目 

附注 

2023 年度 

2022 年度 

单位:元  币种:人民币 

一、营业总收入 

其中：营业收入 

二、营业总成本 

其中：营业成本 

税金及附加 

销售费用 

管理费用 

78,642,171,577.01  90,090,819,396.14 

78,642,171,577.01  90,090,819,396.14 

80,366,333,652.98  92,481,130,331.71 

61,939,819,460.98  72,360,590,128.08 

217,915,039.24 

204,290,684.25 

14,680,133,439.44  15,849,737,690.89 

1,887,145,956.28 

2,046,416,100.93 

123 / 292 

 
 
 
 
 
 
 
 
 
 
 
 
 
 
 
 
 
 
 
 
 
 
 
 
 
 
 
 
 
 
 
 
 
 
 
 
 
 
 
 
 
2023 年年度报告 

研发费用 

财务费用 

其中：利息费用 

利息收入 

加：其他收益 

318,267,251.93 

481,898,435.04 

1,323,052,505.11 

1,538,197,292.52 

1,280,427,957.39 

1,556,082,561.75 

114,344,551.59 

201,725,230.95 

185,516,402.55 

211,947,320.51 

投资收益（损失以“－”号填列） 

396,293,929.52 

-105,277,829.92 

其中：对联营企业和合营企业的投资收

公允价值变动收益（损失以“－”号填

益 

列） 

109,227,298.46 

-49,507,225.29 

-76,342,984.38 

-594,680,167.44 

信用减值损失（损失以“-”号填列） 

-88,874,262.99 

-119,960,638.17 

资产减值损失（损失以“-”号填列） 

-523,083,152.30 

-635,207,660.63 

资产处置收益（损失以“－”号填列） 

354,869,200.66 

335,708,161.50 

三、营业利润（亏损以“－”号填列） 

-1,475,782,942.91 

-3,297,781,749.72 

加：营业外收入 

减：营业外支出 

281,697,218.81 

332,093,309.52 

167,332,285.51 

252,787,354.20 

四、利润总额（亏损总额以“－”号填列） 

-1,361,418,009.61 

-3,218,475,794.40 

减：所得税费用 

103,312,444.81 

-218,800,851.85 

五、净利润（净亏损以“－”号填列） 

-1,464,730,454.42 

-2,999,674,942.55 

（一）按经营持续性分类 

1.持续经营净利润（净亏损以“－”号填列） 

-1,464,730,454.42 

-2,999,674,942.55 

2.终止经营净利润（净亏损以“－”号填列） 

（二）按所有权归属分类 

1.归属于母公司股东的净利润（净亏损以

“-”号填列） 

-1,329,052,123.15 

-2,763,166,060.87 

2.少数股东损益（净亏损以“-”号填列） 

-135,678,331.27 

-236,508,881.68 

六、其他综合收益的税后净额 

4,633,452.70 

-1,054,073.47 

4,633,452.70 

-1,054,073.47 

（一）归属母公司所有者的其他综合收益的

税后净额 

1．不能重分类进损益的其他综合收益 

（1）重新计量设定受益计划变动额 

（2）权益法下不能转损益的其他综合收益 

（3）其他权益工具投资公允价值变动 

（4）企业自身信用风险公允价值变动 

124 / 292 

 
 
 
 
 
 
 
 
 
 
 
 
 
 
 
 
 
 
 
 
 
 
 
 
 
 
 
 
 
 
 
 
 
 
 
 
 
 
 
 
 
2023 年年度报告 

2．将重分类进损益的其他综合收益 

4,633,452.70 

-1,054,073.47 

（1）权益法下可转损益的其他综合收益 

4,617,660.61 

-866,721.55 

（2）其他债权投资公允价值变动 

（3）金融资产重分类计入其他综合收益的

金额 

（4）其他债权投资信用减值准备 

（5）现金流量套期储备 

（6）外币财务报表折算差额 

（7）其他 

（二）归属于少数股东的其他综合收益的税

后净额 

七、综合收益总额 

15,792.09 

-187,351.92 

-1,460,097,001.72 

-3,000,729,016.02 

（一）归属于母公司所有者的综合收益总额 

-1,324,418,670.45 

-2,764,220,134.34 

（二）归属于少数股东的综合收益总额 

-135,678,331.27 

-236,508,881.68 

八、每股收益： 

（一）基本每股收益(元/股) 

（二）稀释每股收益(元/股) 

-0.15 

-0.15 

-0.30 

-0.30 

公司负责人：张轩松 主管会计工作负责人：吴凯之 会计机构负责人：林伟 

母公司利润表 
2023 年 1—12 月 

项目 

附注 

2023 年度 

2022 年度 

单位:元  币种:人民币 

一、营业收入 

减：营业成本 

税金及附加 

销售费用 

管理费用 

研发费用 

财务费用 

其中：利息费用 

利息收入 

加：其他收益 

7,447,031,228.55 

8,210,925,003.98 

6,070,197,288.81 

6,980,139,553.15 

19,823,758.15 

17,334,970.29 

854,547,418.06 

747,841,716.78 

418,844,944.42 

330,019,925.77 

38,217,367.30 

66,849,711.16 

37,052,654.49 

156,371,051.26 

123,055,275.74 

264,418,567.28 

101,533,826.47 

129,443,760.54 

2,422,990.18 

2,929,253.13 

投资收益（损失以“－”号填列） 

696,480,214.76 

328,499,691.96 

125 / 292 

 
 
 
 
 
 
 
 
 
 
 
 
 
 
 
 
 
 
 
 
 
 
 
 
 
 
 
 
 
 
 
 
 
 
 
 
 
 
 
2023 年年度报告 

其中：对联营企业和合营企业的投资收

益 

157,469,685.74 

4,843,630.72 

公允价值变动收益（损失以“－”号填列） 

225,225.22 

-50,678,149.10 

信用减值损失（损失以“-”号填列） 

-2,721,219.73 

-16,735,268.70 

资产减值损失（损失以“-”号填列） 

-402,120,466.63 

-203,165,895.73 

资产处置收益（损失以“－”号填列） 

-18,608,735.35 

14,600,352.14 

二、营业利润（亏损以“－”号填列） 

284,025,805.77 

-12,181,940.73 

加：营业外收入 

减：营业外支出 

28,237,843.98 

15,205,506.64 

4,591,119.26 

3,815,865.97 

三、利润总额（亏损总额以“－”号填列） 

307,672,530.49 

-792,300.06 

减：所得税费用 

112,018,636.27 

-95,477,833.92 

四、净利润（净亏损以“－”号填列） 

195,653,894.22 

94,685,533.86 

（一）持续经营净利润（净亏损以“－”号填

列） 

（二）终止经营净利润（净亏损以“－”号填

列） 

195,653,894.22 

94,685,533.86 

五、其他综合收益的税后净额 

4,617,660.61 

-866,721.55 

（一）不能重分类进损益的其他综合收益 

1.重新计量设定受益计划变动额 

2.权益法下不能转损益的其他综合收益 

3.其他权益工具投资公允价值变动 

4.企业自身信用风险公允价值变动 

（二）将重分类进损益的其他综合收益 

4,617,660.61 

-866,721.55 

1.权益法下可转损益的其他综合收益 

4,617,660.61 

-866,721.55 

2.其他债权投资公允价值变动 

3.金融资产重分类计入其他综合收益的金

额 

4.其他债权投资信用减值准备 

5.现金流量套期储备 

6.外币财务报表折算差额 

7.其他 

六、综合收益总额 

七、每股收益： 

（一）基本每股收益(元/股) 

126 / 292 

200,271,554.83 

93,818,812.31 

 
 
 
 
 
 
 
 
 
 
 
 
 
 
 
 
 
 
 
 
 
 
 
 
 
 
 
 
 
 
 
 
 
 
 
 
 
 
 
 
 
 
 
 
 
 
 
 
 
 
 
 
 
 
 
 
2023 年年度报告 

（二）稀释每股收益(元/股) 

公司负责人：张轩松 主管会计工作负责人：吴凯之 会计机构负责人：林伟 

合并现金流量表 
2023 年 1—12 月 

项目 

附注 

2023年度 

2022年度 

单位：元  币种：人民币 

一、经营活动产生的现金流量： 

销售商品、提供劳务收到的现金 

86,093,033,346.57 

98,815,495,414.75 

收到的税费返还 

1,349,881.04 

264,494,708.10 

收到其他与经营活动有关的现金 

1,523,904,449.11 

1,386,207,956.81 

经营活动现金流入小计 

87,618,287,676.72  100,466,198,079.66 

购买商品、接受劳务支付的现金 

67,980,948,223.48 

78,820,511,875.02 

支付给职工及为职工支付的现金 

8,107,662,483.38 

8,529,341,409.46 

支付的各项税费 

1,104,738,793.64 

928,646,566.02 

支付其他与经营活动有关的现金 

5,856,057,221.39 

6,323,617,891.94 

经营活动现金流出小计 

83,049,406,721.89 

94,602,117,742.44 

经营活动产生的现金流量净额 

4,568,880,954.83 

5,864,080,337.22 

二、投资活动产生的现金流量： 

收回投资收到的现金 

取得投资收益收到的现金 

处置固定资产、无形资产和其他长期资

产收回的现金净额 

处置子公司及其他营业单位收到的现金

净额 

421,011,225.76 

1,218,210,833.38 

159,535,200.00 

29,998,400.00 

15,544,463.48 

9,776,709.58 

16,218,914.55 

221,073.29 

收到其他与投资活动有关的现金 

2,693,007,904.03 

2,308,062,035.71 

投资活动现金流入小计 

3,305,317,707.82 

3,566,269,051.96 

购建固定资产、无形资产和其他长期资

产支付的现金 

投资支付的现金 

取得子公司及其他营业单位支付的现金

净额 

671,445,532.92 

1,203,678,434.13 

17,386,837.66 

支付其他与投资活动有关的现金 

2,360,000,000.00 

2,450,000,000.00 

投资活动现金流出小计 

3,048,832,370.58 

3,653,678,434.13 

127 / 292 

 
 
 
 
 
 
 
 
 
 
 
 
 
 
 
 
 
 
 
 
 
 
 
 
 
 
 
 
 
 
 
 
2023 年年度报告 

投资活动产生的现金流量净额 

256,485,337.24 

-87,409,382.17 

三、筹资活动产生的现金流量： 

吸收投资收到的现金 

其中：子公司吸收少数股东投资收到的

现金 

240,000.00 

240,000.00 

取得借款收到的现金 

6,200,000,000.00 

10,920,000,000.00 

收到其他与筹资活动有关的现金 

79,951,033.98 

54,280,019.15 

筹资活动现金流入小计 

6,280,191,033.98 

10,974,280,019.15 

偿还债务支付的现金 

9,429,100,000.00 

14,161,100,000.00 

分配股利、利润或偿付利息支付的现金   

241,422,898.08 

482,219,907.57 

其中：子公司支付给少数股东的股利、

利润 

59,518,467.07 

支付其他与筹资活动有关的现金 

3,181,615,084.55 

3,312,974,983.35 

筹资活动现金流出小计 

12,852,137,982.63 

17,956,294,890.92 

筹资活动产生的现金流量净额 

-6,571,946,948.65 

-6,982,014,871.77 

四、汇率变动对现金及现金等价物的影响   

208,556.62 

4,690,719.29 

五、现金及现金等价物净增加额 

-1,746,372,099.96 

-1,200,653,197.43 

加：期初现金及现金等价物余额 

7,443,008,300.63 

8,643,661,498.06 

六、期末现金及现金等价物余额 

5,696,636,200.67 

7,443,008,300.63 

公司负责人：张轩松 主管会计工作负责人：吴凯之 会计机构负责人：林伟 

母公司现金流量表 
2023 年 1—12 月 

项目 

附注 

2023年度 

2022年度 

单位:元  币种:人民币 

一、经营活动产生的现金流量： 

销售商品、提供劳务收到的现金 

8,422,435,530.57 

8,565,804,570.16 

收到的税费返还 

收到其他与经营活动有关的现金 

112,250,538.77 

184,492,850.93 

经营活动现金流入小计 

8,534,686,069.34 

8,750,297,421.09 

购买商品、接受劳务支付的现金 

5,721,347,711.24 

6,197,364,913.69 

支付给职工及为职工支付的现金 

650,193,236.79 

502,720,974.99 

支付的各项税费 

49,394,595.10 

26,833,236.99 

支付其他与经营活动有关的现金 

365,122,036.98 

404,435,523.44 

128 / 292 

 
 
 
 
 
 
 
 
 
 
 
 
 
 
 
 
 
 
 
 
 
 
 
 
 
 
 
 
 
 
2023 年年度报告 

经营活动现金流出小计 

6,786,057,580.11 

7,131,354,649.11 

经营活动产生的现金流量净额 

1,748,628,489.23 

1,618,942,771.98 

二、投资活动产生的现金流量： 

收回投资收到的现金 

取得投资收益收到的现金 

处置固定资产、无形资产和其他长期资

产收回的现金净额 

处置子公司及其他营业单位收到的现金

净额 

402,243,885.66 

226,982,308.50 

515,235,200.00 

398,798,400.00 

247,266.14 

317,597.90 

收到其他与投资活动有关的现金 

143,258,311.64 

3,722,784,778.98 

投资活动现金流入小计 

1,060,984,663.44 

4,348,883,085.38 

购建固定资产、无形资产和其他长期资

产支付的现金 

投资支付的现金 

取得子公司及其他营业单位支付的现金

净额 

支付其他与投资活动有关的现金 

48,891,860.84 

114,047,582.10 

203,986,837.66 

52,980,000.00 

投资活动现金流出小计 

252,878,698.50 

167,027,582.10 

投资活动产生的现金流量净额 

808,105,964.94 

4,181,855,503.28 

三、筹资活动产生的现金流量： 

吸收投资收到的现金 

取得借款收到的现金 

2,950,000,000.00 

6,220,000,000.00 

收到其他与筹资活动有关的现金 

8,101,885.18 

6,908,362.50 

筹资活动现金流入小计 

2,958,101,885.18 

6,226,908,362.50 

偿还债务支付的现金 

4,729,100,000.00 

10,861,100,000.00 

分配股利、利润或偿付利息支付的现金   

63,294,760.36 

440,113,532.33 

支付其他与筹资活动有关的现金 

388,179,938.43 

419,071,524.12 

筹资活动现金流出小计 

5,180,574,698.79 

11,720,285,056.45 

筹资活动产生的现金流量净额 

-2,222,472,813.61 

-5,493,376,693.95 

四、汇率变动对现金及现金等价物的影响   

五、现金及现金等价物净增加额 

334,261,640.56 

307,421,581.31 

加：期初现金及现金等价物余额 

3,726,159,392.19 

3,418,737,810.88 

六、期末现金及现金等价物余额 

4,060,421,032.75 

3,726,159,392.19 

公司负责人：张轩松 主管会计工作负责人：吴凯之 会计机构负责人：林伟 

129 / 292 

 
 
 
 
 
 
 
 
 
 
 
 
 
 
 
 
 
 
 
 
 
 
 
 
 
 
 
 
 
 
 
 
 
 
 
 
 
 
