2023 年年度报告 

我们与治理层就计划的审计范围、时间安排和重大审计发现等事项进行沟通，包括沟通我们

在审计中识别出的值得关注的内部控制缺陷。 

我们还就已遵守与独立性相关的职业道德要求向治理层提供声明，并与治理层沟通可能被合

理认为影响我们独立性的所有关系和其他事项，以及相关的防范措施（如适用）。 

从与治理层沟通过的事项中，我们确定哪些事项对本期财务报表审计最为重要，因而构成关

键审计事项。我们在审计报告中描述这些事项，除非法律法规禁止公开披露这些事项，或在极少

数情形下，如果合理预期在审计报告中沟通某事项造成的负面后果超过在公众利益方面产生的益

处，我们确定不应在审计报告中沟通该事项。 

亚太（集团）会计师事务所 

          中国注册会计师：王季民 

    （特殊普通合伙） 

                    （项目合伙人） 

        中国注册会计师：廖坤 

      中国·北京 

二〇二四年四月二十六日 

二、 财务报表 

合并资产负债表 

2023 年 12 月 31 日 

编制单位:  深圳市共进电子股份有限公司 

项目 

附注 

2023 年 12 月 31 日 

单位:元    币种:人民币 
2022 年 12 月 31 日 

流动资产： 
货币资金 
结算备付金 
拆出资金 
交易性金融资产 
衍生金融资产 
应收票据 
应收账款 
应收款项融资 
预付款项 
应收保费 
应收分保账款 
应收分保合同准备金 
其他应收款 

2,422,930,477.95 

1,575,667,643.54 

48,291,997.00 

324,148,806.57 
1,670,654,897.18 

323,688,224.29 
2,332,114,082.71 

29,512,767.08 

49,413,483.21 

20,859,418.85 

33,387,090.43 

76 / 258 

 
 
 
 
 
 
 
 
 
 
 
 
 
 
 
 
 
 
 
 
 
 
 
 
 
 
 
 
 
 
 
 
 
 
 
 
 
 
 
 
 
 
其中：应收利息 
应收股利 

买入返售金融资产 
存货 
合同资产 
持有待售资产 
一年内到期的非流动资产 
其他流动资产 

流动资产合计 

非流动资产： 

发放贷款和垫款 
债权投资 
其他债权投资 
长期应收款 
长期股权投资 
其他权益工具投资 
其他非流动金融资产 
投资性房地产 
固定资产 
在建工程 
生产性生物资产 
油气资产 
使用权资产 
无形资产 
开发支出 
商誉 
长期待摊费用 
递延所得税资产 
其他非流动资产 

非流动资产合计 
资产总计 

流动负债： 
短期借款 
向中央银行借款 
拆入资金 
交易性金融负债 
衍生金融负债 
应付票据 
应付账款 
预收款项 
合同负债 
卖出回购金融资产款 
吸收存款及同业存放 
代理买卖证券款 
代理承销证券款 
应付职工薪酬 
应交税费 
其他应付款 

2023 年年度报告 

66,666.67 

66,666.67 

1,257,355,149.58 

1,496,749,809.72 

740,084,154.31 
6,513,837,668.52 

1,209,925,818.34 
7,020,946,152.24 

206,663,595.09 

54,232,450.02 

158,654,067.46 
47,665,199.82 
2,380,258,339.50 
330,564,297.58 

90,000,000.00 
49,563,827.59 
2,410,239,621.01 
260,083,028.50 

55,233,276.46 
257,072,530.04 

37,963,800.11 
269,752,623.57 

88,643,752.47 
36,747,378.91 
139,136,588.05 
3,700,639,025.38 
10,214,476,693.90 

208,151,093.67 
16,927,638.85 
45,622,813.00 
70,488,702.81 
3,513,025,599.13 
10,533,971,751.37 

1,375,044,727.87 

1,760,365,887.10 

1,348,960,468.60 
1,762,503,031.53 

904,620,333.25 
2,299,560,656.53 

17,294,250.08 

27,899,525.74 

116,510,057.12 
13,586,391.98 
38,123,361.53 

169,726,958.68 
38,036,184.98 
98,981,884.13 

77 / 258 

 
 
 
 
 
 
 
 
 
 
 
 
 
 
 
 
 
 
 
 
 
 
 
 
 
 
 
 
 
 
 
 
 
 
 
 
 
 
 
 
 
 
 
 
 
 
 
 
 
 
 
 
 
 
 
 
 
 
 
 
 
 
 
 
 
 
 
 
 
 
 
 
 
 
 
 
 
 
 
 
 
 
 
 
 
 
 
 
 
 
 
 
其中：应付利息 
应付股利 

应付手续费及佣金 
应付分保账款 
持有待售负债 
一年内到期的非流动负债 
其他流动负债 

流动负债合计 

非流动负债： 

保险合同准备金 
长期借款 
应付债券 
其中：优先股 
永续债 

租赁负债 
长期应付款 
长期应付职工薪酬 
预计负债 
递延收益 
递延所得税负债 
其他非流动负债 

非流动负债合计 
负债合计 

所有者权益（或股东权益）： 

实收资本（或股本） 
其他权益工具 
其中：优先股 
永续债 

资本公积 
减：库存股 
其他综合收益 
专项储备 
盈余公积 
一般风险准备 
未分配利润 
归属于母公司所有者权益（或股东权益）

合计 

少数股东权益 

所有者权益（或股东权益）合计 

负债和所有者权益（或股东权益）

总计 

2023 年年度报告 

315,939.73 
1,172,035.20 

315,939.73 
1,382,256.00 

4,672,022,288.71 

5,299,191,430.41 

332,197,979.42 

27,246,470.42 

53,689,296.10 

40,591,000.07 

21,288,767.29 
1,539,007.26 

17,275,782.33 

408,715,050.07 
5,080,737,338.78 

85,113,252.82 
5,384,304,683.23 

791,462,246.00 

791,128,243.00 

2,751,439,894.56 
19,129,288.80 
3,557,329.92 

2,736,867,153.24 
42,112,732.80 
5,194,235.71 

234,606,553.08 

234,606,553.08 

1,378,795,066.52 

1,415,849,426.56 

5,140,731,801.28 

5,141,532,878.79 

-6,992,446.16 
5,133,739,355.12 

8,134,189.35 
5,149,667,068.14 

10,214,476,693.90 

10,533,971,751.37 

公司负责人：胡祖敏                主管会计工作负责人：唐晓琳        会计机构负责人：吴英 

母公司资产负债表 

2023 年 12 月 31 日 

编制单位:深圳市共进电子股份有限公司  

78 / 258 

 
 
 
 
 
 
 
 
 
 
 
 
 
 
 
 
 
 
 
 
 
 
 
 
 
 
 
 
 
 
 
 
 
 
 
 
 
 
 
 
 
 
 
 
 
 
 
 
 
 
 
 
 
 
 
 
 
 
 
 
 
 
 
 
 
 
 
 
 
 
 
 
 
 
 
 
 
2023 年年度报告 

项目 

附注 

2023 年 12 月 31 日 

单位:元    币种:人民币 
2022 年 12 月 31 日 

流动资产： 
货币资金 
交易性金融资产 
衍生金融资产 
应收票据 
应收账款 
应收款项融资 
预付款项 
其他应收款 
其中：应收利息 
应收股利 

存货 
合同资产 
持有待售资产 
一年内到期的非流动资产 
其他流动资产 

流动资产合计 

非流动资产： 
债权投资 
其他债权投资 
长期应收款 
长期股权投资 
其他权益工具投资 
其他非流动金融资产 
投资性房地产 
固定资产 
在建工程 
生产性生物资产 
油气资产 
使用权资产 
无形资产 
开发支出 
商誉 
长期待摊费用 
递延所得税资产 
其他非流动资产 

非流动资产合计 
资产总计 

流动负债： 
短期借款 
交易性金融负债 
衍生金融负债 
应付票据 
应付账款 
预收款项 
合同负债 

961,238,690.12 
48,291,997.00 

1,179,679,967.51 

261,872,528.51 
773,857,056.81 

311,785,849.48 
1,252,319,064.31 

264,046,089.28 
2,701,224,804.89 

106,167,834.33 
60,309,375.22 

576,216,171.73 

688,165,275.22 

417,750,000.09 
6,004,497,338.43 

515,952,742.67 
4,114,380,108.74 

2,952,145,411.02 

2,936,891,781.14 

100,000,000.00 
32,067,155.60 
911,734,785.54 
4,111,225.38 

70,000,000.00 
33,573,791.86 
942,439,195.22 
4,550,124.82 

141,651,442.88 

147,479,910.00 

4,623,054.16 
13,543,485.08 
6,031,825.57 
4,165,908,385.23 
10,170,405,723.66 

6,695,651.08 
19,006,124.62 
8,111,129.99 
4,168,747,708.73 
8,283,127,817.47 

983,911,419.22 

1,112,770,500.81 

1,199,224,124.54 
623,537,690.06 

777,699,677.70 
904,901,306.38 

823,344,340.40 

171,989,997.99 

79 / 258 

 
 
 
 
 
 
 
 
 
 
 
 
 
 
 
 
 
 
 
 
 
 
 
 
 
 
 
 
 
 
 
 
 
 
 
 
 
 
 
 
 
 
 
 
 
 
 
 
 
 
 
 
 
 
 
 
 
 
 
 
 
 
 
 
 
 
 
 
 
 
 
 
 
 
 
 
 
 
 
 
 
 
 
应付职工薪酬 
应交税费 
其他应付款 
其中：应付利息 
应付股利 

持有待售负债 
一年内到期的非流动负债 
其他流动负债 

流动负债合计 

非流动负债： 
长期借款 
应付债券 
其中：优先股 
永续债 

租赁负债 
长期应付款 
长期应付职工薪酬 
预计负债 
递延收益 
递延所得税负债 
其他非流动负债 

非流动负债合计 
负债合计 

所有者权益（或股东权益）： 

实收资本（或股本） 
其他权益工具 
其中：优先股 
永续债 

资本公积 
减：库存股 
其他综合收益 
专项储备 
盈余公积 
未分配利润 

2023 年年度报告 

53,681,025.86 
3,903,998.03 
1,835,139,224.76 

83,175,015.08 
9,863,159.37 
459,105,840.59 

1,172,035.20 

1,382,256.00 

5,522,741,822.87 

3,519,505,497.92 

17,600,957.40 

12,544,200.08 

17,600,957.40 
5,540,342,780.27 

12,544,200.08 
3,532,049,698.00 

791,462,246.00 

791,128,243.00 

2,753,009,411.26 
19,129,288.80 

2,739,222,088.64 
42,112,732.80 

234,606,553.08 
870,114,021.85 
4,630,062,943.39 

234,606,553.08 
1,028,233,967.55 
4,751,078,119.47 

10,170,405,723.66 

8,283,127,817.47 

所有者权益（或股东权益）合计 

负债和所有者权益（或股东权益）

总计 

公司负责人：胡祖敏                  主管会计工作负责人：唐晓琳        会计机构负责人：吴英 

合并利润表 

2023 年 1—12 月 

80 / 258 

单位:元    币种:人民币 

 
 
 
 
 
 
 
 
 
 
 
 
 
 
 
 
 
 
 
 
 
 
 
 
 
 
 
 
 
 
 
 
 
 
 
 
 
 
 
 
 
 
 
 
 
 
 
 
 
 
 
 
 
 
 
 
 
 
 
 
 
 
 
 
 
 
 
 
 
 
 
 
 
 
 
 
 
 
 
2023 年年度报告 

项目 

附注 

2023 年度 

2022 年度 

一、营业总收入 
其中：营业收入 
利息收入 
已赚保费 
手续费及佣金收入 

二、营业总成本 
其中：营业成本 
利息支出 
手续费及佣金支出 
退保金 
赔付支出净额 
提取保险责任准备金净额 
保单红利支出 
分保费用 
税金及附加 
销售费用 
管理费用 
研发费用 
财务费用 
其中：利息费用 
利息收入 

加：其他收益 

投资收益（损失以“－”号填列） 
其中：对联营企业和合营企业的投资收益 
以摊余成本计量的金融资产终止确认

收益 

汇兑收益（损失以“－”号填列） 
净敞口套期收益（损失以“-”号填列） 
公允价值变动收益（损失以“－”号填列） 
信用减值损失（损失以“-”号填列） 
资产减值损失（损失以“-”号填列） 
资产处置收益（损失以“－”号填列） 

三、营业利润（亏损以“－”号填列） 

加：营业外收入 
减：营业外支出 

四、利润总额（亏损总额以“－”号填列） 

减：所得税费用 

五、净利润（净亏损以“－”号填列） 
（一）按经营持续性分类 

1.持续经营净利润（净亏损以“－”号填列） 
2.终止经营净利润（净亏损以“－”号填列） 

（二）按所有权归属分类 

1.归属于母公司股东的净利润（净亏损以“-”

号填列） 

2.少数股东损益（净亏损以“-”号填列） 

六、其他综合收益的税后净额 

（一）归属母公司所有者的其他综合收益的税后

净额 

81 / 258 

8,529,966,216.11  10,973,637,061.38 
8,529,966,216.11  10,973,637,061.38 

8,302,239,827.89  10,421,240,462.23 
9,480,266,490.99 
7,402,808,055.96 

35,738,389.15 
157,769,055.66 
328,231,457.15 
362,481,389.90 
15,211,480.07 
71,613,364.08 
63,138,845.97 
64,559,451.82 
1,234,852.05 
431,145.07 

41,073,344.75 
197,948,380.23 
332,629,616.13 
442,695,786.66 
-73,373,156.53 
41,525,905.09 
56,729,278.83 
49,843,242.87 
10,814,433.34 
-1,062,572.97 

26,784,054.05 
8,828,975.12 
-247,664,355.88 
-4,046,883.09 
77,422,482.29 
14,297,720.01 
22,100,386.01 
69,619,816.29 
20,030,396.48 
49,589,419.81 

-41,802,173.59 
-324,557,117.41 
-5,499,363.61 
241,195,620.75 
31,868,047.99 
17,997,546.66 
255,066,122.08 
28,824,687.35 
226,241,434.73 

49,589,419.81 

226,241,434.73 

64,716,055.32 

226,742,887.27 

-15,126,635.51 
-1,636,905.79 

-501,452.54 
12,360,227.80 

-1,636,905.79 

12,360,227.80 

 
 
 
 
 
 
 
 
 
 
 
 
 
 
 
 
 
 
 
 
 
 
 
 
 
 
 
 
 
 
 
 
 
 
 
 
 
 
 
 
 
 
 
 
 
 
 
 
 
 
 
 
 
 
 
 
 
 
 
 
 
 
 
 
 
 
 
 
 
 
 
 
 
2023 年年度报告 

1．不能重分类进损益的其他综合收益 

（1）重新计量设定受益计划变动额 
（2）权益法下不能转损益的其他综合收益 
（3）其他权益工具投资公允价值变动 
（4）企业自身信用风险公允价值变动 
2．将重分类进损益的其他综合收益 
（1）权益法下可转损益的其他综合收益 
（2）其他债权投资公允价值变动 
（3）金融资产重分类计入其他综合收益的金额 
（4）其他债权投资信用减值准备 
（5）现金流量套期储备 
（6）外币财务报表折算差额 
（7）其他 
（二）归属于少数股东的其他综合收益的税后净

额 
七、综合收益总额 

（一）归属于母公司所有者的综合收益总额 
（二）归属于少数股东的综合收益总额 

八、每股收益： 

（一）基本每股收益(元/股) 
（二）稀释每股收益(元/股) 

-1,636,905.79 

12,360,227.80 

-1,636,905.79 

12,360,227.80 

47,952,514.02 
63,079,149.53 
-15,126,635.51 

238,601,662.53 
239,103,115.07 
-501,452.54 

0.08 
0.08 

0.29 
0.29 

本期发生同一控制下企业合并的，被合并方在合并前实现的净利润为：0.00  元,  上期被合并方实

现的净利润为：  0.00  元。 

公司负责人：胡祖敏                  主管会计工作负责人：唐晓琳            会计机构负责人：吴英 

母公司利润表 

2023 年 1—12 月 

项目 

附注 

一、营业收入 

减：营业成本 

税金及附加 
销售费用 
管理费用 
研发费用 
财务费用 
其中：利息费用 
利息收入 

加：其他收益 

投资收益（损失以“－”号填列） 
其中：对联营企业和合营企业的投资收益 
以摊余成本计量的金融资产终止确认

收益 

82 / 258 

单位:元    币种:人民币 

2023 年度 
5,310,354,470.80 
4,676,740,596.12 
17,238,904.23 
76,191,888.31 
156,631,253.94 
235,642,767.25 
-4,676,599.41 
29,748,844.52 
30,940,028.61 
22,452,969.21 
2,189,146.86 
2,289,839.88 

2022 年度 
8,368,112,290.91 
7,539,140,070.94 
22,807,823.01 
80,548,173.92 
177,645,209.20 
294,334,107.62 
-87,572,441.92 
30,681,349.33 
40,605,838.99 
8,802,790.63 
10,522,264.18 

 
 
 
 
 
 
 
 
 
 
 
 
 
 
 
 
 
 
 
 
 
 
 
 
 
 
 
 
 
 
 
 
 
 
 
 
 
 
 
 
 
 
 
 
 
 
 
 
 
 
 
 
 
 
 
 
 
 
 
 
 
 
 
 
2023 年年度报告 

净敞口套期收益（损失以“-”号填列） 
公允价值变动收益（损失以“－”号填列） 
信用减值损失（损失以“-”号填列） 
资产减值损失（损失以“-”号填列） 
资产处置收益（损失以“－”号填列） 

二、营业利润（亏损以“－”号填列） 

加：营业外收入 
减：营业外支出 

三、利润总额（亏损总额以“－”号填列） 

减：所得税费用 

四、净利润（净亏损以“－”号填列） 

（一）持续经营净利润（净亏损以“－”号填列） 
（二）终止经营净利润（净亏损以“－”号填列） 

五、其他综合收益的税后净额 

（一）不能重分类进损益的其他综合收益 

1.重新计量设定受益计划变动额 
2.权益法下不能转损益的其他综合收益 
3.其他权益工具投资公允价值变动 
4.企业自身信用风险公允价值变动 
（二）将重分类进损益的其他综合收益 
1.权益法下可转损益的其他综合收益 
2.其他债权投资公允价值变动 
3.金融资产重分类计入其他综合收益的金额 
4.其他债权投资信用减值准备 
5.现金流量套期储备 
6.外币财务报表折算差额 
7.其他 
六、综合收益总额 
七、每股收益： 

（一）基本每股收益(元/股) 
（二）稀释每股收益(元/股) 

129,986.59 
26,722,913.79 
-249,203,190.03 
-2,935,468.16 
-48,057,981.38 
10,875,563.87 
6,675,443.31 
-43,857,860.82 
12,491,669.52 
-56,349,530.34 
-56,349,530.34 

5,875,415.89 
-120,113,078.02 
187,830.77 
246,484,571.59 
27,050,615.04 
16,283,111.83 
257,252,074.80 
24,541,985.35 
232,710,089.45 
232,710,089.45 

-56,349,530.34 

232,710,089.45 

公司负责人：胡祖敏                    主管会计工作负责人：唐晓琳            会计机构负责人：吴英 

合并现金流量表 

2023 年 1—12 月 

项目 

附注 

2023年度 

2022年度 

单位：元    币种：人民币 

9,091,637,876.33  9,352,999,557.72 

一、经营活动产生的现金流量： 

销售商品、提供劳务收到的现金 
客户存款和同业存放款项净增加额 
向中央银行借款净增加额 
向其他金融机构拆入资金净增加额 
收到原保险合同保费取得的现金 
收到再保业务现金净额 
保户储金及投资款净增加额 
收取利息、手续费及佣金的现金 
拆入资金净增加额 

83 / 258 

 
 
 
 
 
 
 
 
 
 
 
 
 
 
 
 
 
 
 
 
 
 
 
 
 
 
 
 
 
 
 
 
 
 
 
 
 
 
 
 
 
 
 
 
 
 
 
 
 
 
 
 
 
 
 
 
 
 
 
 
 
 
 
 
 
 
 
 
 
 
 
 
 
 
 
 
 
 
 
 
 
 
 
 
 
 
 
 
 
 
 
 
 
 
 
2023 年年度报告 

回购业务资金净增加额 
代理买卖证券收到的现金净额 
收到的税费返还 
收到其他与经营活动有关的现金 

经营活动现金流入小计 

购买商品、接受劳务支付的现金 
客户贷款及垫款净增加额 
存放中央银行和同业款项净增加额 
支付原保险合同赔付款项的现金 
拆出资金净增加额 
支付利息、手续费及佣金的现金 
支付保单红利的现金 
支付给职工及为职工支付的现金 
支付的各项税费 
支付其他与经营活动有关的现金 

经营活动现金流出小计 

经营活动产生的现金流量净额 

二、投资活动产生的现金流量： 

收回投资收到的现金 
取得投资收益收到的现金 
处置固定资产、无形资产和其他长期资产收回的

现金净额 

处置子公司及其他营业单位收到的现金净额 
收到其他与投资活动有关的现金 

投资活动现金流入小计 

购建固定资产、无形资产和其他长期资产支付的

现金 

投资支付的现金 
质押贷款净增加额 
取得子公司及其他营业单位支付的现金净额 
支付其他与投资活动有关的现金 

投资活动现金流出小计 

投资活动产生的现金流量净额 

三、筹资活动产生的现金流量： 

吸收投资收到的现金 
其中：子公司吸收少数股东投资收到的现金 
取得借款收到的现金 
收到其他与筹资活动有关的现金 

筹资活动现金流入小计 

偿还债务支付的现金 
分配股利、利润或偿付利息支付的现金 
其中：子公司支付给少数股东的股利、利润 
支付其他与筹资活动有关的现金 

筹资活动现金流出小计 

筹资活动产生的现金流量净额 
四、汇率变动对现金及现金等价物的影响 
五、现金及现金等价物净增加额 

加：期初现金及现金等价物余额 

84 / 258 

517,724,297.14 
269,577,129.36 

526,697,548.19 
178,957,851.31 
9,878,939,302.83  10,058,654,957.2
2 
7,404,961,956.40  7,971,665,369.68 

99,228,875.58 
501,752,716.59 

1,012,200,063.92  1,078,728,953.62 
123,714,552.67 
514,857,274.04 
9,018,143,612.49  9,688,966,150.01 
369,688,807.21 

860,795,690.34 

765,259,887.99  3,558,407,462.82 
9,214,762.66 
1,844,272.93 

812,256.97 
10,060,049.01 

12,000,000.00 

12,000,000.00 

788,132,193.97  3,581,466,498.41 
502,853,395.11 
529,487,239.93 

1,003,915,934.00  2,962,324,461.00 

1,533,403,173.93  3,465,177,856.11 
116,288,642.30 
-745,270,979.96 

47,849,898.35 

9,561,973.89 
9,000,000.00 
4,739,490,944.10  5,023,435,131.16 
920,819,123.84  1,660,810,495.80 
5,708,159,966.29  6,693,807,600.85 
4,209,425,813.85  4,735,952,917.99 
141,555,409.82 

165,185,750.63 

666,465,902.71  1,519,462,373.56 
5,041,077,467.19  6,396,970,701.37 
296,836,899.48 
25,069,261.75 
807,883,610.74 
762,821,012.44 

667,082,499.10 
3,586,406.59 
786,193,616.07 
1,570,704,623.18 

 
 
 
 
 
 
 
 
 
 
 
 
 
 
 
 
 
 
 
 
 
 
 
 
 
 
 
 
 
 
 
 
 
 
 
 
 
 
 
 
 
 
 
 
 
 
 
 
 
 
 
 
 
 
 
 
 
 
 
 
 
 
 
 
 
 
 
 
 
 
 
 
2023 年年度报告 

六、期末现金及现金等价物余额 

2,356,898,239.25  1,570,704,623.18 

公司负责人：胡祖敏                主管会计工作负责人：唐晓琳              会计机构负责人：吴英 

母公司现金流量表 

2023 年 1—12 月 

项目 

附注 

2023年度 

2022年度 

单位:元    币种:人民币 

一、经营活动产生的现金流量： 

销售商品、提供劳务收到的现金 
收到的税费返还 
收到其他与经营活动有关的现金 

经营活动现金流入小计 

购买商品、接受劳务支付的现金 
支付给职工及为职工支付的现金 
支付的各项税费 
支付其他与经营活动有关的现金 

经营活动现金流出小计 
经营活动产生的现金流量净额 
二、投资活动产生的现金流量： 

收回投资收到的现金 
取得投资收益收到的现金 
处置固定资产、无形资产和其他长期资产收

回的现金净额 

处置子公司及其他营业单位收到的现金净额 
收到其他与投资活动有关的现金 

投资活动现金流入小计 

购建固定资产、无形资产和其他长期资产支

付的现金 

投资支付的现金 
取得子公司及其他营业单位支付的现金净额 
支付其他与投资活动有关的现金 

投资活动现金流出小计 

投资活动产生的现金流量净额 

三、筹资活动产生的现金流量： 

吸收投资收到的现金 
取得借款收到的现金 
收到其他与筹资活动有关的现金 

筹资活动现金流入小计 

偿还债务支付的现金 
分配股利、利润或偿付利息支付的现金 
支付其他与筹资活动有关的现金 

筹资活动现金流出小计 

筹资活动产生的现金流量净额 
四、汇率变动对现金及现金等价物的影响 
五、现金及现金等价物净增加额 

加：期初现金及现金等价物余额 

85 / 258 

5,597,374,036.95 
273,244,953.74 
6,192,947,872.05 
12,063,566,862.74 
4,525,121,223.11 
457,926,253.70 
33,896,873.95 
7,308,760,988.84 
12,325,705,339.60 
-262,138,476.86 

8,024,830,729.48 
352,989,907.97 
3,262,930,617.70 
11,640,751,255.15 
8,034,237,178.88 
500,783,709.42 
42,235,753.10 
2,876,565,337.11 
11,453,821,978.51 
186,929,276.64 

765,259,887.99 
812,256.97 
5,633,657.37 

3,265,699,805.00 
8,341,104.68 
19,304,219.81 

771,705,802.33 
124,913,559.52 

3,293,345,129.49 
58,088,264.68 

1,090,633,724.00 

2,734,327,961.00 

1,215,547,283.52 
-443,841,481.19 

2,792,416,225.68 
500,928,903.81 

47,849,898.35 
3,452,461,906.10 
480,323,099.92 
3,980,634,904.37 
2,942,902,423.90 
123,967,006.18 
488,934,494.69 
3,555,803,924.77 
424,830,979.60 
-2,299,177.64 
-283,448,156.09 
1,179,679,967.51 

561,973.89 
3,634,617,370.81 
1,084,542,293.45 
4,719,721,638.15 
3,741,670,029.12 
134,956,843.11 
797,957,884.64 
4,674,584,756.87 
45,136,881.28 
11,290,839.20 
744,285,900.93 
435,394,066.58 

 
 
 
 
 
 
 
 
 
 
 
 
 
 
 
 
 
 
 
 
 
 
 
 
 
 
 
 
 
 
 
 
 
 
 
 
 
 
 
 
 
 
 
 
 
 
 
2023 年年度报告 

六、期末现金及现金等价物余额 

896,231,811.42 

1,179,679,967.51 

公司负责人：胡祖敏                主管会计工作负责人：唐晓琳              会计机构负责人：吴英 

86 / 258 

 
 
 
 
