2023年年度报告
二、 财务报表
合并资产负债表
2023年12 月31日
编制单位: 宁波波导股份有限公司
单位:元 币种:人民币
项目 附注 2023年12月31日 2022年12月31日
流动资产：
货币资金 573,788,127.82 562,147,035.91
交易性金融资产 253,825,589.85 182,792,284.43
应收票据
应收账款 73,634,178.83 138,331,071.33
应收款项融资 5,419,762.55
预付款项 6,921,325.03 13,630,696.60
其他应收款 549,613.50 1,960,248.54
其中：应收利息
应收股利
存货 36,388,429.00 35,546,433.05
合同资产
其他流动资产 3,457,396.36 4,210,989.03
流动资产合计 953,984,422.94 938,618,758.89
非流动资产：
长期股权投资 10,876,053.06 9,112,043.03
其他权益工具投资
其他非流动金融资产 54,276,343.46 62,105,316.94
投资性房地产 114,981,016.02 124,830,169.67
固定资产 54,550,391.11 56,135,642.18
在建工程 101,443.25
使用权资产 2,642,741.61
无形资产 9,913,575.08 10,306,212.06
商誉
长期待摊费用
递延所得税资产
其他非流动资产
非流动资产合计 247,240,120.34 262,590,827.13
资产总计 1,201,224,543.28 1,201,209,586.02
流动负债：
短期借款 792,413.24 1,504,219.31
交易性金融负债
应付票据 1,331,415.83 4,108,397.95
应付账款 86,915,804.30 93,812,864.78
预收款项 912,941.77 1,276,108.58
合同负债 9,165,177.53 9,806,828.08
应付职工薪酬 12,979,908.96 13,592,461.41
应交税费 4,990,915.99 12,895,343.43
其他应付款 10,003,802.43 9,156,058.96
其中：应付利息
应付股利
第 51 页 共161页
2023年年度报告
一年内到期的非流动负债 898,403.19
其他流动负债 401,967.79 411,860.95
流动负债合计 128,392,751.03 146,564,143.45
非流动负债：
租赁负债 1,830,605.05
长期应付款
长期应付职工薪酬
预计负债 702,007.84 775,812.31
递延收益 4,863,680.31 5,745,585.17
递延所得税负债
其他非流动负债
非流动负债合计 7,396,293.20 6,521,397.48
负债合计 135,789,044.23 153,085,540.93
所有者权益（或股东权益）：
实收资本（或股本） 768,000,000.00 768,000,000.00
资本公积 455,922,182.76 455,922,182.76
减：库存股
其他综合收益 4,717,526.92 4,772,408.51
专项储备
盈余公积 66,404,174.11 66,404,174.11
一般风险准备
未分配利润 -282,229,748.66 -296,183,390.12
归属于母公司所有者权益
1,012,814,135.13 998,915,375.26
（或股东权益）合计
少数股东权益 52,621,363.92 49,208,669.83
所有者权益（或股东权
1,065,435,499.05 1,048,124,045.09
益）合计
负债和所有者权益（或
1,201,224,543.28 1,201,209,586.02
股东权益）总计
公司负责人：徐立华 主管会计工作负责人：林建华 会计机构负责人：陈新华
母公司资产负债表
2023年12 月31日
编制单位:宁波波导股份有限公司
单位:元 币种:人民币
项目 附注 2023年12月31日 2022年12月31日
流动资产：
货币资金 318,273,496.61 141,903,541.45
交易性金融资产 233,107,726.84 103,023,721.44
应收票据
应收账款 87,987,985.96 107,104,224.09
应收款项融资 400,000.00
预付款项 71,108.37 80,100.51
其他应收款 277,192,817.65
其中：应收利息
应收股利
第 52 页 共161页
2023年年度报告
存货
合同资产
持有待售资产
一年内到期的非流动资产
其他流动资产
流动资产合计 639,840,317.78 629,304,405.14
非流动资产：
长期股权投资 159,696,442.70 159,696,442.70
其他权益工具投资
其他非流动金融资产 54,276,343.46 62,105,316.94
投资性房地产 82,812,648.25 88,542,676.81
固定资产 25,673,561.24 27,667,276.78
在建工程
使用权资产
无形资产 1,524,484.43 1,626,100.89
其他非流动资产
非流动资产合计 323,983,480.08 339,637,814.12
资产总计 963,823,797.86 968,942,219.26
流动负债：
短期借款
交易性金融负债
应付票据
应付账款 15,078,326.33 16,709,750.34
预收款项 326,387.13 269,689.63
合同负债 1,201,087.60 1,191,951.34
应付职工薪酬 4,475,747.33 3,920,278.25
应交税费 3,201,250.20 3,578,815.03
其他应付款 21,865,483.92 21,232,101.92
其中：应付利息
应付股利
持有待售负债
一年内到期的非流动负债
其他流动负债 18,039.32 19,154.38
流动负债合计 46,166,321.83 46,921,740.89
非流动负债：
租赁负债
长期应付款
长期应付职工薪酬
预计负债
递延收益 269,161.89 141,500.00
递延所得税负债
其他非流动负债
非流动负债合计 269,161.89 141,500.00
负债合计 46,435,483.72 47,063,240.89
所有者权益（或股东权益）：
实收资本（或股本） 768,000,000.00 768,000,000.00
资本公积 454,479,099.84 454,479,099.84
减：库存股
第 53 页 共161页
2023年年度报告
其他综合收益
专项储备
盈余公积 66,404,174.11 66,404,174.11
未分配利润 -371,494,959.81 -367,004,295.58
所有者权益（或股东权
917,388,314.14 921,878,978.37
益）合计
负债和所有者权益（或
963,823,797.86 968,942,219.26
股东权益）总计
公司负责人：徐立华 主管会计工作负责人：林建华 会计机构负责人：陈新华
合并利润表
2023年1—12月
单位:元 币种:人民币
项目 附注 2023年度 2022年度
一、营业总收入 417,468,142.74 534,560,938.45
其中：营业收入 417,468,142.74 534,560,938.45
利息收入
二、营业总成本 406,946,968.99 510,817,304.27
其中：营业成本 364,229,161.13 467,756,029.78
利息支出
税金及附加 5,466,089.08 6,215,728.26
销售费用 1,688,579.77 2,244,007.73
管理费用 26,612,920.38 26,444,579.54
研发费用 17,624,783.42 20,408,315.05
财务费用 -8,674,564.79 -12,251,356.09
其中：利息费用 72,818.59 425,843.71
利息收入 8,636,576.30 5,069,500.59
加：其他收益 8,345,352.73 7,550,169.72
投资收益（损失以“－”号填列） 16,222,359.38 10,231,091.17
其中：对联营企业和合营企业的投资收益 264,010.03 138,866.24
公允价值变动收益（损失以“－”号填列） -6,795,668.06 3,241,827.25
信用减值损失（损失以“-”号填列） 2,205,083.14 2,119,782.57
资产减值损失（损失以“-”号填列） -8,751,691.71 -12,882,618.55
资产处置收益（损失以“－”号填列） 15,821.67
三、营业利润（亏损以“－”号填列） 21,746,609.23 34,019,708.01
加：营业外收入 1,854,990.57 2,676,736.33
减：营业外支出 277,946.55 48,724.02
四、利润总额（亏损总额以“－”号填列） 23,323,653.25 36,647,720.32
减：所得税费用 1,057,317.70 4,146,092.66
五、净利润（净亏损以“－”号填列） 22,266,335.55 32,501,627.66
（一）按经营持续性分类
1.持续经营净利润（净亏损以“－”号
22,266,335.55 32,501,627.66
填列）
2.终止经营净利润（净亏损以“－”号
填列）
（二）按所有权归属分类
1.归属于母公司股东的净利润（净亏损 13,953,641.46 18,225,842.48
第 54 页 共161页
2023年年度报告
以“-”号填列）
2.少数股东损益（净亏损以“-”号填列） 8,312,694.09 14,275,785.18
六、其他综合收益的税后净额 -54,881.59 -317,969.25
（一）归属母公司所有者的其他综合收益
-54,881.59 -317,969.25
的税后净额
1．不能重分类进损益的其他综合收益
（1）重新计量设定受益计划变动额
（2）权益法下不能转损益的其他综合收益
（3）其他权益工具投资公允价值变动
（4）企业自身信用风险公允价值变动
2．将重分类进损益的其他综合收益 -54,881.59 -317,969.25
（1）权益法下可转损益的其他综合收益
（2）其他债权投资公允价值变动
（3）金融资产重分类计入其他综合收益的
金额
（4）其他债权投资信用减值准备
（5）现金流量套期储备
（6）外币财务报表折算差额 -54,881.59 -317,969.25
（7）其他
（二）归属于少数股东的其他综合收益的
税后净额
七、综合收益总额 22,211,453.96 32,183,658.41
（一）归属于母公司所有者的综合收益总额 13,898,759.87 17,907,873.23
（二）归属于少数股东的综合收益总额 8,312,694.09 14,275,785.18
八、每股收益：
（一）基本每股收益(元/股) 0.02 0.02
（二）稀释每股收益(元/股) 0.02 0.02
本期发生同一控制下企业合并的，被合并方在合并前实现的净利润为：0 元, 上期被合并方实现
的净利润为： 0 元。
公司负责人：徐立华 主管会计工作负责人：林建华 会计机构负责人：陈新华
母公司利润表
2023年1—12月
单位:元 币种:人民币
项目 附注 2023年度 2022年度
一、营业收入 12,157,723.16 14,276,688.82
减：营业成本 7,152,168.56 7,922,984.62
税金及附加 3,482,053.80 3,601,525.80
销售费用
管理费用 17,881,960.92 16,766,040.02
研发费用 959,013.96 751,761.87
财务费用 -2,800,199.22 -306,919.86
其中：利息费用
利息收入 3,355,598.15 539,920.92
加：其他收益 173,265.23 213,826.04
投资收益（损失以“－”号填列） 16,105,864.83 15,441,957.53
其中：对联营企业和合营企业的投资收益
公允价值变动收益（损失以“－”号填列） -7,744,968.08 3,841,070.85
第 55 页 共161页
2023年年度报告
信用减值损失（损失以“-”号填列） -84,540.69 194,077.72
资产减值损失（损失以“-”号填列） -534,649.64
资产处置收益（损失以“－”号填列） 10,945.22
二、营业利润（亏损以“－”号填列） -6,067,653.57 4,708,524.09
加：营业外收入 1,671,278.21 1,727,964.22
减：营业外支出 67,562.91 1,823.01
三、利润总额（亏损总额以“－”号填列） -4,463,938.27 6,434,665.30
减：所得税费用 26,725.96 -4,081.99
四、净利润（净亏损以“－”号填列） -4,490,664.23 6,438,747.29
（一）持续经营净利润（净亏损以
-4,490,664.23 6,438,747.29
“－”号填列）
（二）终止经营净利润（净亏损以“－”
号填列）
五、其他综合收益的税后净额
（一）不能重分类进损益的其他综合收益
1.重新计量设定受益计划变动额
2.权益法下不能转损益的其他综合收益
3.其他权益工具投资公允价值变动
4.企业自身信用风险公允价值变动
（二）将重分类进损益的其他综合收益
1.权益法下可转损益的其他综合收益
2.其他债权投资公允价值变动
3.金融资产重分类计入其他综合收
益的金额
4.其他债权投资信用减值准备
5.现金流量套期储备
6.外币财务报表折算差额
7.其他
六、综合收益总额 -4,490,664.23 6,438,747.29
七、每股收益：
（一）基本每股收益(元/股)
（二）稀释每股收益(元/股)
公司负责人：徐立华 主管会计工作负责人：林建华 会计机构负责人：陈新华
合并现金流量表
2023年1—12月
单位：元 币种：人民币
项目 附注 2023年度 2022年度
一、经营活动产生的现金流量：
销售商品、提供劳务收到的现金 491,809,972.92 620,492,030.82
收到的税费返还 14,459,850.50 119,703,228.88
收到其他与经营活动有关的现金 32,161,491.45 28,264,134.16
经营活动现金流入小计 538,431,314.87 768,459,393.86
购买商品、接受劳务支付的现金 376,668,258.07 507,661,476.12
支付给职工及为职工支付的现金 54,955,417.14 55,277,129.57
第 56 页 共161页
2023年年度报告
支付的各项税费 19,877,053.44 17,598,928.57
支付其他与经营活动有关的现金 9,592,462.80 16,634,400.47
经营活动现金流出小计 461,093,191.45 597,171,934.73
经营活动产生的现金流量净额 77,338,123.42 171,287,459.14
二、投资活动产生的现金流量：
收回投资收到的现金 1,006,000,000.00 680,000,000.00
取得投资收益收到的现金 15,958,349.35 10,092,224.93
处置固定资产、无形资产和其他长
5,215,271.86 586,365.95
期资产收回的现金净额
处置子公司及其他营业单位收到的
现金净额
收到其他与投资活动有关的现金
投资活动现金流入小计 1,027,173,621.21 690,678,590.88
购建固定资产、无形资产和其他长
6,197,239.07 1,292,362.16
期资产支付的现金
投资支付的现金 1,077,500,000.00 673,000,000.00
取得子公司及其他营业单位支付的
现金净额
支付其他与投资活动有关的现金
投资活动现金流出小计 1,083,697,239.07 674,292,362.16
投资活动产生的现金流量净额 -56,523,617.86 16,386,228.72
三、筹资活动产生的现金流量：
取得借款收到的现金 3,083,273.03 40,557,359.31
收到其他与筹资活动有关的现金
筹资活动现金流入小计 3,083,273.03 40,557,359.31
偿还债务支付的现金 3,795,079.10 54,053,140.00
分配股利、利润或偿付利息支付的
4,982,133.28 4,611,778.09
现金
其中：子公司支付给少数股东的股
4,900,000.00 4,165,000.00
利、利润
支付其他与筹资活动有关的现金
筹资活动现金流出小计 8,777,212.38 58,664,918.09
筹资活动产生的现金流量净额 -5,693,939.35 -18,107,558.78
四、汇率变动对现金及现金等价物的
193,592.47 7,431,858.02
影响
五、现金及现金等价物净增加额 15,314,158.68 176,997,987.10
加：期初现金及现金等价物余额 558,207,685.96 381,209,698.86
六、期末现金及现金等价物余额 573,521,844.64 558,207,685.96
公司负责人：徐立华 主管会计工作负责人：林建华 会计机构负责人：陈新华
母公司现金流量表
2023年1—12月
单位:元 币种:人民币
项目 附注 2023年度 2022年度
第 57 页 共161页
2023年年度报告
一、经营活动产生的现金流量：
销售商品、提供劳务收到的现金 20,464,405.23 9,521,025.25
收到的税费返还
收到其他与经营活动有关的现金 15,017,984.11 9,599,123.22
经营活动现金流入小计 35,482,389.34 19,120,148.47
购买商品、接受劳务支付的现金 1,080,302.68 4,139,014.94
支付给职工及为职工支付的现金 11,818,180.68 11,108,586.33
支付的各项税费 4,469,815.54 4,749,775.82
支付其他与经营活动有关的现金 4,418,389.86 4,578,703.11
经营活动现金流出小计 21,786,688.76 24,576,080.20
经营活动产生的现金流量净额 13,695,700.58 -5,455,931.73
二、投资活动产生的现金流量：
收回投资收到的现金 750,000,000.00 420,000,000.00
取得投资收益收到的现金 16,105,864.83 15,441,957.53
处置固定资产、无形资产和其他长
451,000.00 564,529.00
期资产收回的现金净额
处置子公司及其他营业单位收到
的现金净额
收到其他与投资活动有关的现金 277,192,817.65 203,653,197.15
投资活动现金流入小计 1,043,749,682.48 639,659,683.68
购建固定资产、无形资产和其他长
525,572.04 93,442.76
期资产支付的现金
投资支付的现金 880,000,000.00 390,000,000.00
取得子公司及其他营业单位支付
的现金净额
支付其他与投资活动有关的现金 224,255,914.49
投资活动现金流出小计 880,525,572.04 614,349,357.25
投资活动产生的现金流量净额 163,224,110.44 25,310,326.43
三、筹资活动产生的现金流量：
取得借款收到的现金
收到其他与筹资活动有关的现金
筹资活动现金流入小计
偿还债务支付的现金
支付其他与筹资活动有关的现金 12,298,309.43
筹资活动现金流出小计 12,298,309.43
筹资活动产生的现金流量净额 -12,298,309.43
四、汇率变动对现金及现金等价物的
-549,855.86 -228,996.00
影响
五、现金及现金等价物净增加额 176,369,955.16 7,327,089.27
加：期初现金及现金等价物余额 141,903,541.45 134,576,452.18
六、期末现金及现金等价物余额 318,273,496.61 141,903,541.45
公司负责人：徐立华 主管会计工作负责人：林建华 会计机构负责人：陈新华
第 58 页 共161页