合并资产负债表
2023年12月31日
人民币千元
2023年 2022年
资产 附注五 12月31日 12月31日
现金及存放中央银行款项 1 115,302,787 114,473,943
存放同业款项 2 21,929,705 23,698,897
拆出资金 3 25,777,277 13,788,191
衍生金融资产 4 6,826,781 6,985,843
买入返售金融资产 5 47,492,179 52,627,697
发放贷款和垫款 6 1,066,932,114 914,911,172
金融投资： 7
交易性金融资产 7(a) 443,007,912 402,350,741
债权投资 7(b) 331,224,288 341,734,845
其他债权投资 7(c) 195,720,434 155,977,730
其他权益工具投资 7(d) 2,133,203 1,801,896
长期股权投资 8 8,049,115 7,513,996
投资性房地产 9 1,189,887 11,449
固定资产 10 7,949,110 7,213,896
在建工程 11 2,629,418 2,156,469
使用权资产 12 1,312,979 1,257,817
无形资产 13 1,132,750 611,470
商誉 14 210,050 210,050
递延所得税资产 15 5,873,503 6,623,690
其他资产 16 3,582,424 5,533,947
资产总计 2,288,275,916 2,059,483,739
后附财务报表附注为本财务报表的组成部分
126 南京银行股份有限公司
合并资产负债表（续）
2023年12月31日
人民币千元
2023年 2022年
负债 附注五 12月31日 12月31日
向中央银行借款 18 153,317,500 129,736,792
同业及其他金融机构存放款项 19 164,808,615 178,751,596
拆入资金 20 38,885,817 24,847,751
交易性金融负债 21 424,482 262,487
衍生金融负债 4 6,728,762 7,003,584
卖出回购金融资产款 22 66,542,427 50,039,051
吸收存款 23 1,396,365,869 1,261,132,423
应付职工薪酬 24 7,852,499 7,362,764
应交税费 25 2,263,548 2,342,280
应付债券 26 258,373,078 230,766,406
租赁负债 27 1,256,410 1,205,349
预计负债 28 776,228 1,248,731
其他负债 29 18,086,616 7,085,690
负债合计 2,115,681,851 1,901,784,904
股东权益
股本 30 10,343,733 10,343,718
其他权益工具 31 31,571,972 31,571,987
其中：优先股 9,849,813 9,849,813
永续债 19,997,811 19,997,811
资本公积 32 26,409,231 26,455,733
其他综合收益 33 648,358 (829,319)
盈余公积 34 11,857,217 10,128,129
一般风险准备 35 22,143,535 20,070,178
未分配利润 36 66,587,246 58,515,766
归属于母公司股东权益合计 169,561,292 156,256,192
少数股东权益 37 3,032,773 1,442,643
股东权益合计 172,594,065 157,698,835
负债及股东权益总计 2,288,275,916 2,059,483,739
本财务报表由以下人士签署：
法定代表人 行长及财务负责人 财务机构负责人
谢宁 朱钢 朱晓洁
后附财务报表附注为本财务报表的组成部分
二零二三年度报告 127
合并利润表
2023年度
人民币千元
附注五 2023年度 2022年度
营业收入 45,159,511 44,606,440
利息净收入 39 25,451,534 26,970,472
利息收入 74,748,460 68,945,148
利息支出 (49,296,926) (41,974,676)
手续费及佣金净收入 40 3,628,786 5,344,041
手续费及佣金收入 4,294,626 5,855,125
手续费及佣金支出 (665,840) (511,084)
投资收益 41 14,814,412 10,967,668
其中：对联营企业和合营企业的投资收益 833,927 739,554
以摊余成本计量的金融资产终止确认产生的收益 387,304 357,482
公允价值变动收益 42 1,717,565 2,695,691
汇兑收益 (1,537,162) (2,113,722)
其他业务收入 307,848 222,963
其他收益 769,503 521,180
资产处置收益 7,025 (1,853)
营业支出 (23,309,790) (22,815,584)
税金及附加 43 (620,346) (557,510)
业务及管理费 44 (13,761,761) (13,271,096)
信用减值损失 45 (8,769,764) (8,842,134)
其他资产减值损失 (4,397) 1,044
其他业务成本 (153,522) (145,888)
营业利润 21,849,721 21,790,856
加：营业外收入 94,923 21,268
减：营业外支出 (70,611) (73,015)
利润总额 21,874,033 21,739,109
减：所得税费用 46 (3,243,551) (3,195,153)
净利润 18,630,482 18,543,956
按经营持续性分类
持续经营净利润 18,630,482 18,543,956
按所有权归属分类
归属于母公司股东的净利润 18,502,084 18,408,039
少数股东损益 128,398 135,917
后附财务报表附注为本财务报表的组成部分
128 南京银行股份有限公司
合并利润表（续）
2023年度
人民币千元
附注五 2023年度 2022年度
其他综合收益的税后净额 1,477,677 (1,682,893)
归属于母公司股东的其他综合收益的税后净额 33 1,477,677 (1,682,893)
（一） 不能重分类进损益的其他综合收益 220,276 (139,897)
其他权益工具投资公允价值变动 220,276 (139,897)
（二） 将重分类进损益的其他综合收益 1,257,401 (1,542,996)
权益法下可转损益的其他综合收益 61,920 (97,277)
其他债权投资公允价值变动 957,194 (1,621,272)
其他债权投资信用减值准备 238,287 175,553
归属于少数股东的其他综合收益的税后净额 – –
综合收益总额 20,108,159 16,861,063
其中：
归属于母公司股东的综合收益总额 19,979,761 16,725,146
归属于少数股东的综合收益总额 128,398 135,917
每股收益（人民币元╱股）
基本每股收益 47 1.68 1.76
稀释每股收益 47 1.47 1.54
本财务报表由以下人士签署：
法定代表人 行长及财务负责人 财务机构负责人
谢宁 朱钢 朱晓洁
后附财务报表附注为本财务报表的组成部分
二零二三年度报告 129
合并现金流量表
2023年度
人民币千元
附注五 2023年度 2022年度
一、 经营活动产生的现金流量：
吸收存款和同业存放款项净增加额 117,148,244 270,496,945
向中央银行借款净增加额 23,157,783 20,924,739
向其他金融机构拆入资金净增加额 23,284,706 –
收取利息、手续费及佣金的现金 86,685,984 80,315,254
收到其他与经营活动有关的现金 11,681,316 1,789,865
经 营活动现金流入小计 261,958,033 373,526,803
发放贷款和垫款净增加额 (159,857,523) (156,740,318)
存放中央银行和同业款项净增加额 (3,444,453) (1,570,497)
向其他金融机构拆入资金净减少额 – (66,119,910)
支付利息、手续费及佣金的现金 (39,477,239) (27,534,957)
支付给职工以及为职工支付的现金 (8,681,608) (7,838,259)
支付的各项税费 (7,456,057) (7,054,960)
支 付其他与经营活动有关的现金 (5,982,214) (8,847,334)
经 营活动现金流出小计 (224,899,094) (275,706,235)
经 营活动产生的现金流量净额 48 37,058,939 97,820,568
二、 投资活动产生的现金流量：
收回投资收到的现金 1,323,343,514 1,383,884,047
取得投资收益收到的现金 6,325,263 4,047,883
收到其他与投资活动有关的现金 13,680 177
投 资活动现金流入小计 1,329,682,457 1,387,932,107
投资支付的现金 (1,385,145,807) (1,485,776,702)
取得子公司及其他营业单位支付的现金 – (333,547)
购 建固定资产、无形资产和其他长期资产支付的现金 (2,113,824) (798,087)
投 资活动现金流出小计 (1,387,259,631) (1,486,908,336)
投资活动使用的现金流量净额 (57,577,174) (98,976,229)
三、 筹资活动产生的现金流量：
发行债券所收到的现金 262,793,926 313,268,584
吸收投资收到的现金 1,486,000 –
筹 资活动现金流入小计 264,279,926 313,268,584
偿还债务支付的现金 (238,327,382) (285,770,000)
分配股利、利润或偿付利息支付的现金 (9,411,462) (7,322,835)
偿付租赁负债支付的现金 (457,060) (384,076)
支 付的其他与筹资活动有关的现金 – (151,360)
筹 资活动现金流出小计 (248,195,904) (293,628,271)
筹 资活动产生的现金流量净额 16,084,022 19,640,313
四、 汇率变动对现金及现金等价物的影响额 63,292 669,474
五、 本年现金及现金等价物净增加（减少）额 (4,370,921) 19,154,126
加 ：年初现金及现金等价物余额 43,289,928 24,135,802
六、 年末现金及现金等价物余额 48 38,919,007 43,289,928
本财务报表由以下人士签署：
法定代表人 行长及财务负责人 财务机构负责人
谢宁 朱钢 朱晓洁
后附财务报表附注为本财务报表的组成部分
132 南京银行股份有限公司
资产负债表
2023年12月31日
人民币千元
2023年 2022年
资产 附注十八 12月31日 12月31日
现金及存放中央银行款项 113,314,052 112,462,015
存放同业款项 19,194,807 21,931,496
拆出资金 27,902,315 15,821,217
衍生金融资产 6,826,743 6,985,843
买入返售金融资产 46,398,450 51,812,699
发放贷款和垫款 2 1,023,887,584 898,846,151
金融投资：
交易性金融资产 412,613,994 388,113,673
债权投资 328,181,199 339,503,477
其他债权投资 195,720,434 155,977,730
其他权益工具投资 2,133,203 1,801,896
长期股权投资 1 15,157,903 11,708,207
投资性房地产 1,182,009 2,379
固定资产 7,894,646 7,196,394
在建工程 2,563,565 2,090,617
使用权资产 1,189,394 1,211,770
无形资产 927,730 509,460
递延所得税资产 5,333,584 6,333,946
其他资产 2,907,986 4,859,003
资产总计 2,213,329,598 2,027,167,973
后附财务报表附注为本财务报表的组成部分
二零二三年度报告 133
资产负债表（续）
2023年12月31日
人民币千元
2023年 2022年
负债 附注十八 12月31日 12月31日
向中央银行借款 152,587,185 128,579,325
同业及其他金融机构存放款项 167,594,617 180,207,861
拆入资金 13,471,663 22,955,188
交易性金融负债 – –
衍生金融负债 6,728,750 7,003,584
卖出回购金融资产款 52,628,761 42,102,760
吸收存款 1,381,793,696 1,248,145,569
应付职工薪酬 6,870,870 6,680,396
应交税费 1,831,517 2,123,938
应付债券 258,373,078 230,766,406
租赁负债 1,136,254 1,161,747
预计负债 772,740 1,246,032
其他负债 4,175,276 3,366,848
负债合计 2,047,964,407 1,874,339,654
股东权益
股本 10,343,733 10,343,718
其他权益工具 31,571,972 31,571,987
其中：优先股 9,849,813 9,849,813
永续债 19,997,811 19,997,811
资本公积 26,489,361 26,536,412
其他综合收益 648,358 (829,319)
盈余公积 11,857,217 10,128,129
一般风险准备 21,014,664 19,126,935
未分配利润 63,439,886 55,950,457
股东权益合计 165,365,191 152,828,319
负债及股东权益总计 2,213,329,598 2,027,167,973
本财务报表由以下人士签署：
法定代表人 行长及财务负责人 财务机构负责人
谢宁 朱钢 朱晓洁
后附财务报表附注为本财务报表的组成部分
134 南京银行股份有限公司
利润表
2023年度
人民币千元
附注十八 2023年度 2022年度
营业收入 40,636,605 41,993,045
利息净收入 3 22,980,039 26,326,942
利息收入 71,411,094 67,956,129
利息支出 (48,431,055) (41,629,187)
手续费及佣金净收入 1,749,855 3,647,777
手续费及佣金收入 3,037,356 4,150,169
手续费及佣金支出 (1,287,501) (502,392)
投资收益 14,772,688 10,792,243
其中：对联营企业和合营企业的投资收益 833,927 739,580
以摊余成本计量的金融资产终止确认产生的收益 387,304 357,482
公允价值变动收益 1,679,945 2,732,299
汇兑收益 (1,537,162) (2,113,722)
其他业务收入 314,667 232,491
其他收益 669,548 376,825
资产处置收益 7,025 (1,810)
营业支出 (19,986,031) (21,840,099)
税金及附加 (585,437) (541,537)
业务及管理费 (12,104,125) (12,406,762)
信用减值损失 (7,145,271) (8,747,907)
其他资产减值损失 (4,397) 1,044
其他业务成本 (146,801) (144,937)
营业利润 20,650,574 20,152,946
加：营业外收入 92,171 19,556
减：营业外支出 (65,917) (71,331)
利润总额 20,676,828 20,101,171
减：所得税费用 (2,942,423) (2,810,293)
净利润 17,734,405 17,290,878
按经营持续性分类
持续经营净利润 17,734,405 17,290,878
后附财务报表附注为本财务报表的组成部分
二零二三年度报告 135
利润表（续）
2023年度
人民币千元
附注十八 2023年度 2022年度
其他综合收益的税后净额 1,477,677 (1,682,893)
（一）不能重分类进损益的其他综合收益 220,276 (139,897)
其他权益工具投资公允价值变动 220,276 (139,897)
（二）将重分类进损益的其他综合收益 1,257,401 (1,542,996)
权益法下可转损益的其他综合收益 61,920 (97,277)
其他债权投资公允价值变动 957,194 (1,621,272)
其他债权投资信用减值准备 238,287 175,553
综合收益总额 19,212,082 15,607,985
本财务报表由以下人士签署：
法定代表人 行长及财务负责人 财务机构负责人
谢宁 朱钢 朱晓洁
后附财务报表附注为本财务报表的组成部分
136 南京银行股份有限公司
现金流量表
2023年度
人民币千元
附注十八 2023年度 2022年度
一、 经营活动产生的现金流量：
吸收存款和同业存放款项净增加额 116,906,832 269,387,934
向中央银行借款净增加额 23,584,688 21,187,097
收取利息、手续费及佣金的现金 80,803,657 77,530,738
收到其他与经营活动有关的现金 1,265,570 680,055
经营活动现金流入小计 222,560,747 368,785,824
发放贷款和垫款净增加额 (131,501,716) (158,980,396)
存放中央银行和同业款项净增加额 (3,078,008) (1,703,399)
向其他金融机构拆入资金净减少额 (5,746,179) (67,486,421)
支付利息、手续费及佣金的现金 (39,042,199) (27,230,168)
支付给职工以及为职工支付的现金 (7,723,316) (7,377,435)
支付的各项税费 (6,818,795) (6,466,541)
支付其他与经营活动有关的现金 (4,464,759) (7,906,225)
经营活动现金流出小计 (198,374,972) (277,150,585)
经营活动产生现金流量净额 4 24,185,775 91,635,239
二、 投资活动产生的现金流量：
收回投资收到的现金 1,335,031,037 1,382,918,074
取得投资收益收到的现金 6,196,934 4,032,153
收到其他与投资活动有关的现金 13,628 106
投资活动现金流入小计 1,341,241,599 1,386,950,333
投资支付的现金 (1,383,220,512) (1,478,653,220)
取得子公司及其他营业单位支付的现金 – (387,860)
购建固定资产、无形资产和其他长期资产支付的现金 (1,873,727) (752,028)
投资活动现金流出小计 (1,385,094,239) (1,479,793,108)
投资活动使用的现金流量净额 (43,852,640) (92,842,775)
后附财务报表附注为本财务报表的组成部分
二零二三年度报告 139
现金流量表（续）
2023年度
人民币千元
附注十八 2023年度 2022年度
三、 筹资活动产生的现金流量：
发行债券所收到的现金 262,793,926 313,268,584
筹资活动现金流入小计 262,793,926 313,268,584
偿还债务支付的现金 (238,327,382) (285,770,000)
分配股利、利润或偿付利息支付的现金 (9,387,743) (7,305,743)
偿付租赁负债支付的现金 (419,666) (375,423)
筹资活动现金流出小计 (248,134,791) (293,451,166)
筹资活动产生的现金流量净额 14,659,135 19,817,418
四、 汇率变动对现金及现金等价物的影响额 63,292 669,474
五、 本年现金及现金等价物净增加（减少）额 (4,944,438) 19,279,356
加：年初现金及现金等价物余额 40,722,379 21,443,023
六、 年末现金及现金等价物余额 35,777,941 40,722,379
本财务报表由以下人士签署：
法定代表人 行长及财务负责人 财务机构负责人
谢宁 朱钢 朱晓洁
后附财务报表附注为本财务报表的组成部分
140 南京银行股份有限公司