龙溪股份2023 年年度报告 
76  
二、 财务报表 
 
合并资产负债表 
2023 年12 月31 日 
编制单位: 福建龙溪轴承（集团）股份有限公司 
单位:元  币种:人民币 
项目 
附注 
2023 年12 月31 日 
2022 年12 月31 日 
流动资产： 
货币资金 
 
 390,765,145.19 
 538,740,349.94 
交易性金融资产 
 
 735,111,224.44 
 670,425,752.57 
应收票据 
 
 220,801,070.26 
 152,479,028.02 
应收账款 
 
 423,391,758.88 
 335,847,261.10 
应收款项融资 
 
 19,330,864.07 
 29,493,472.66 
预付款项 
 
44,239,254.87 
19,025,882.40 
其他应收款 
 
245,265,425.39 
146,526,064.60 
其中：应收利息 
 
 
 
应收股利 
 
 
 
买入返售金融资产 
 
 
 
存货 
 
520,841,233.81 
495,135,664.89 
合同资产 
 
 
 
持有待售资产 
 
8,403,956.30 
 
一年内到期的非流动资产 
 
 
30,000,000.00 
其他流动资产 
 
4,437,688.52 
6,247,439.34 
流动资产合计 
 
2,612,587,621.73 
2,423,920,915.52 
非流动资产： 
长期应收款 
 
 
 
长期股权投资 
 
 
 
其他权益工具投资 
 
10,892,295.97 
10,892,295.97 
其他非流动金融资产 
 
 
 
投资性房地产 
 
24,424,181.62 
25,897,731.74 
固定资产 
 
780,794,271.04 
741,235,023.28 
在建工程 
 
82,874,792.24 
164,293,932.31 
生产性生物资产 
 
 
 
油气资产 
 
 
 
使用权资产 
 
 
 
无形资产 
 
 75,341,553.92 
 103,320,897.06 
开发支出 
 
 
 
商誉 
 
 106,104.49 
 106,104.49 
长期待摊费用 
 
 
 
递延所得税资产 
 
 49,671,759.29 
 48,162,698.50 
其他非流动资产 
 
 60,514,538.69 
 51,577,336.03 
非流动资产合计 
 
 1,084,619,497.26 
 1,145,486,019.38 
资产总计 
 
 3,697,207,118.99 
 3,569,406,934.90 
流动负债： 
短期借款 
 
35,032,986.11 
180,046,545.01 
应付票据 
 
79,359,888.52 
76,884,948.21 
应付账款 
 
155,113,108.95 
147,332,937.37 

龙溪股份2023 年年度报告 
77  
预收款项 
 
 
 
合同负债 
 
31,348,223.30 
15,329,688.65 
应付职工薪酬 
 
65,325,584.30 
64,822,679.86 
应交税费 
 
37,825,153.99 
21,871,032.19 
其他应付款 
 
21,203,157.00 
21,644,454.30 
其中：应付利息 
 
 
 
应付股利 
 
559,615.47 
759,615.47 
持有待售负债 
 
 
 
一年内到期的非流动负债 
 
 208,482,484.70 
 186,920,699.23 
其他流动负债 
 
68,004,618.89 
37,364,709.20 
流动负债合计 
 
 701,695,205.76 
 752,217,694.02 
非流动负债： 
保险合同准备金 
 
 
 
长期借款 
 
 183,972,602.26 
 154,340,000.00 
应付债券 
 
 
 
其中：优先股 
 
 
 
永续债 
 
 
 
长期应付款 
 
69,580,000.00 
68,480,000.00 
长期应付职工薪酬 
 
22,428,659.77 
20,270,987.86 
预计负债 
 
 
 
递延收益 
 
333,551,586.66 
332,946,227.82 
递延所得税负债 
 
 
16,621,314.79 
其他非流动负债 
 
 
 
非流动负债合计 
 
 609,532,848.69 
 592,658,530.47 
负债合计 
 
 1,311,228,054.45 
 1,344,876,224.49 
所有者权益（或股东权益）： 
实收资本（或股本） 
 
399,553,571.00 
399,553,571.00 
其他权益工具 
 
 
 
资本公积 
 
696,086,894.25 
696,086,894.25 
减：库存股 
 
 
 
其他综合收益 
 
-24,920,129.96 
-22,923,756.36 
专项储备 
 
18,929,601.97 
16,479,674.11 
盈余公积 
 
217,856,943.91 
217,856,943.91 
一般风险准备 
 
 
 
未分配利润 
 
1,093,438,098.59 
925,129,976.98 
归属于母公司所有者权益
（或股东权益）合计 
 
2,400,944,979.76 
2,232,183,303.89 
少数股东权益 
 
-14,965,915.22 
-7,652,593.48 
所有者权益（或股东权
益）合计 
 
 2,385,979,064.54 
 2,224,530,710.41 
负债和所有者权益（或
股东权益）总计 
 
 3,697,207,118.99 
 3,569,406,934.90 
 
公司负责人：陈晋辉       主管会计工作负责人：曾四新        会计机构负责人：吴慧泉 
 
 
 

龙溪股份2023 年年度报告 
78  
母公司资产负债表 
2023 年12 月31 日 
编制单位:福建龙溪轴承（集团）股份有限公司  
单位:元  币种:人民币 
项目 
附注 
2023 年12 月31 日 
2022 年12 月31 日 
流动资产： 
货币资金 
 
310,653,482.73 
463,790,005.15 
交易性金融资产 
 
652,510,456.80 
617,726,919.02 
衍生金融资产 
 
 
 
应收票据 
 
132,405,697.10 
88,383,777.58 
应收账款 
 
308,236,051.15 
222,757,554.77 
应收款项融资 
 
8,759,644.99 
15,432,276.58 
预付款项 
 
7,763,476.43 
7,051,467.16 
其他应收款 
 
135,338,011.71 
165,310,986.88 
其中：应收利息 
 
 
 
应收股利 
 
 
9,800,000.00 
存货 
 
388,183,522.80 
346,369,116.47 
合同资产 
 
 
 
持有待售资产 
 
 
 
一年内到期的非流动资产 
 
 
30,000,000.00 
其他流动资产 
 
 213,266,800.66 
 210,852,140.85 
流动资产合计 
 
 2,157,117,144.37 
 2,167,674,244.46 
非流动资产： 
债权投资 
 
 
 
其他债权投资 
 
 
 
长期应收款 
 
 
 
长期股权投资 
 
567,150,182.68 
603,100,182.68 
其他权益工具投资 
 
10,892,295.97 
10,892,295.97 
其他非流动金融资产 
 
 
 
投资性房地产 
 
22,500,704.63 
23,626,079.63 
固定资产 
 
596,813,309.84 
439,327,653.27 
在建工程 
 
73,841,494.63 
160,555,137.62 
生产性生物资产 
 
 
 
油气资产 
 
 
 
使用权资产 
 
 
 
无形资产 
 
47,343,417.59 
48,948,403.78 
开发支出 
 
 
 
商誉 
 
 
 
长期待摊费用 
 
 
 
递延所得税资产 
 
 35,958,879.16 
 36,237,725.54 
其他非流动资产 
 
57,896,923.74 
10,266,909.29 
非流动资产合计 
 
 1,412,397,208.24 
 1,332,954,387.78 
资产总计 
 
 3,569,514,352.61 
 3,500,628,632.24 
流动负债： 
短期借款 
 
 
335,114,583.33 
交易性金融负债 
 
 
 
衍生金融负债 
 
 
 
应付票据 
 
 37,799,600.00 
 34,775,070.05 

龙溪股份2023 年年度报告 
79  
应付账款 
 
 100,466,153.79 
 96,917,989.61 
预收款项 
 
 
 
合同负债 
 
5,028,331.75 
13,782,917.04 
应付职工薪酬 
 
52,122,554.99 
50,981,999.36 
应交税费 
 
24,731,942.88 
13,207,646.24 
其他应付款 
 
39,091,531.18 
33,964,057.19 
其中：应付利息 
 
 
 
应付股利 
 
 
 
持有待售负债 
 
 
 
一年内到期的非流动负债 
 
207,537,763.77 
1,110,848.73 
其他流动负债 
 
16,547,537.27 
5,751,761.28 
流动负债合计 
 
 483,325,415.63 
 585,606,872.83 
非流动负债： 
长期借款 
 
183,972,602.26 
154,340,000.00 
应付债券 
 
 
 
租赁负债 
 
 
 
长期应付款 
 
69,580,000.00 
68,480,000.00 
长期应付职工薪酬 
 
15,752,659.33 
14,081,809.34 
预计负债 
 
 
 
递延收益 
 
269,327,230.66 
261,635,859.16 
递延所得税负债 
 
 
16,621,314.79 
其他非流动负债 
 
 
 
非流动负债合计 
 
 538,632,492.25 
 515,158,983.29 
负债合计 
 
 1,021,957,907.88 
 1,100,765,856.12 
所有者权益（或股东权益）： 
实收资本（或股本） 
 
399,553,571.00 
399,553,571.00 
其他权益工具 
 
 
 
资本公积 
 
692,498,407.37 
692,498,407.37 
减：库存股 
 
 
 
其他综合收益 
 
-23,987,007.07 
-22,944,415.03 
专项储备 
 
 2,841,664.79 
 1,453,697.66 
盈余公积 
 
 217,856,943.91 
 217,856,943.91 
未分配利润 
 
 1,258,792,864.73 
 1,111,444,571.21 
所有者权益（或股东权
益）合计 
 
 2,547,556,444.73 
 2,399,862,776.12 
负债和所有者权益（或
股东权益）总计 
 
 3,569,514,352.61 
 3,500,628,632.24 
公司负责人：陈晋辉          主管会计工作负责人：曾四新        会计机构负责人：吴慧泉 
 
 
 
 
 
 
 
 
 

龙溪股份2023 年年度报告 
80  
合并利润表 
2023 年1—12 月 
单位:元  币种:人民币 
项目 
附注 
2023 年度 
2022 年度 
一、营业总收入 
 
1,904,141,274.66 
1,719,423,334.37 
其中：营业收入 
 
1,904,141,274.66 
1,719,423,334.37 
利息收入 
 
 
 
二、营业总成本 
 
1,743,818,730.07 
1,558,319,515.64 
其中：营业成本 
 
1,488,266,968.40 
1,302,234,421.42 
税金及附加 
 
17,061,450.86 
13,493,815.99 
销售费用 
 
26,086,151.99 
25,194,215.58 
管理费用 
 
81,941,768.26 
84,042,708.66 
研发费用 
 
127,350,436.80 
123,021,569.99 
财务费用 
 
3,111,953.76 
10,332,784.00 
其中：利息费用 
 
8,783,348.18 
15,674,702.27 
利息收入 
 
3,729,942.16 
2,628,571.35 
加：其他收益 
 
30,006,882.23 
21,180,749.46 
投资收益（损失以“－”号填
列） 
 
24,569,915.03 
27,465,046.96 
其中：对联营企业和合营企业
的投资收益 
 
 
 
以摊余成本计量的金融
资产终止确认收益 
 
 
 
汇兑收益（损失以“－”号填
列） 
 
 
 
净敞口套期收益（损失以“-”
号填列） 
 
 
 
公允价值变动收益（损失以
“－”号填列） 
 
8,465,672.43 
-163,785,506.86 
信用减值损失（损失以“-”
号填列） 
 
-7,023,578.20 
-1,801,475.00 
资产减值损失（损失以“-”
号填列） 
 
   -64,714,660.39    -84,396,321.76 
资产处置收益（损失以“－”
号填列） 
 
25,786,485.56 
1,534,625.25 
三、营业利润（亏损以“－”号填列）  
177,413,261.25 
-38,699,063.22 
加：营业外收入 
 
553,119.26 
1,249,035.32 
减：营业外支出 
 
218,956.99 
1,542,064.60 
四、利润总额（亏损总额以“－”号
填列） 
 
177,747,423.52 
-38,992,092.50 
减：所得税费用 
 
16,629,150.49 
-20,154,399.95 
五、净利润（净亏损以“－”号填列）  
161,118,273.03 
-18,837,692.55 
（一）按经营持续性分类 
1.持续经营净利润（净亏损以
“－”号填列） 
 
 160,342,522.79 
 -16,846,946.19 
2.终止经营净利润（净亏损以
“－”号填列） 
 
 775,750.24 
 -1,990,746.36 
（二）按所有权归属分类 
1.归属于母公司股东的净利润
 
 168,308,121.61 
 -5,989,962.60 

龙溪股份2023 年年度报告 
81  
（净亏损以“-”号填列） 
2.少数股东损益（净亏损以“-”
号填列） 
 
 -7,189,848.58 
 -12,847,729.95 
六、其他综合收益的税后净额 
 
-2,119,846.76 
-184,960.47 
（一）归属母公司所有者的其他综
合收益的税后净额 
 
-1,996,373.60 
-154,136.53 
1．不能重分类进损益的其他综
合收益 
 
-1,997,971.76 
-168,512.21 
（1）重新计量设定受益计划变动
额 
 
-1,997,971.76 
500,616.77 
（2）权益法下不能转损益的其他
综合收益 
 
 
 
（3）其他权益工具投资公允价值
变动 
 
 
-669,128.98 
（4）企业自身信用风险公允价值
变动 
 
 
 
2．将重分类进损益的其他综合
收益 
 
1,598.16 
14,375.68 
（1）权益法下可转损益的其他综
合收益 
 
 
 
（2）其他债权投资公允价值变动  
 
 
（3）金融资产重分类计入其他综
合收益的金额 
 
 
 
（4）其他债权投资信用减值准备  
 
 
（5）现金流量套期储备 
 
 
 
（6）外币财务报表折算差额 
 
1,598.16 
14,375.68 
（7）其他 
 
 
 
（二）归属于少数股东的其他综合
收益的税后净额 
 
-123,473.16 
-30,823.94 
七、综合收益总额 
 
158,998,426.27 
-19,022,653.02 
（一）归属于母公司所有者的综合
收益总额 
 
 166,311,748.01 
 -6,144,099.13 
（二）归属于少数股东的综合收益
总额 
 
 -7,313,321.74 
 -12,878,553.89 
八、每股收益： 
（一）基本每股收益(元/股) 
 
 0.42 
 -0.02 
（二）稀释每股收益(元/股) 
 
 0.42 
 -0.02 
 
本期发生同一控制下企业合并的，被合并方在合并前实现的净利润为：0 元, 上期被合并方实现
的净利润为： 0 元。 
公司负责人：陈晋辉        主管会计工作负责人：曾四新         会计机构负责人：吴慧泉 
 
 
 
 
 
 
 

龙溪股份2023 年年度报告 
82  
母公司利润表 
2023 年1—12 月 
单位:元  币种:人民币 
项目 
附注 
2023 年度 
2022 年度 
一、营业收入 
 
1,014,547,905.36 
867,572,433.78 
减：营业成本 
 
 625,393,501.59 
 471,357,710.96 
税金及附加 
 
 10,496,155.21 
 8,032,427.38 
销售费用 
 
 20,499,151.90 
 18,681,361.12 
管理费用 
 
 47,014,241.56 
 49,214,281.76 
研发费用 
 
 128,116,594.02 
 118,770,839.70 
财务费用 
 
 1,864,667.67 
 9,364,476.66 
其中：利息费用 
 
7,295,233.82 
14,581,338.85 
利息收入 
 
3,152,810.43 
2,197,984.49 
加：其他收益 
 
22,364,641.40 
12,170,516.40 
投资收益（损失以“－”号填列）  
23,565,977.55 
26,387,422.09 
其中：对联营企业和合营企业的投
资收益 
 
 
 
以摊余成本计量的金融资产终止确认收
益 
 
 
 
净敞口套期收益（损失以“-”号填列） 
 
 
 
公允价值变动收益（损失以“－”号填列）  
 8,276,238.34 
 -163,981,863.49 
信用减值损失（损失以“-”号填列） 
 
 -5,716,315.50 
 310,439.96 
资产减值损失（损失以“-”号填列） 
 
 -69,887,915.05 
 -102,471,445.57 
资产处置收益（损失以“－”号填列） 
 
 -4,716.61 
 634,810.06 
二、营业利润（亏损以“－”号填列） 
 
 159,761,503.54 
 -34,798,784.35 
加：营业外收入 
 
 193,532.27 
 64,927.37 
减：营业外支出 
 
 172,747.79 
 1,438,374.43 
三、利润总额（亏损总额以“－”号填列）  
 159,782,288.02 
 -36,172,231.41 
减：所得税费用 
 
 12,433,994.50 
 -15,050,959.34 
四、净利润（净亏损以“－”号填列） 
 
 147,348,293.52 
 -21,121,272.07 
（一）持续经营净利润（净亏损以
“－”号填列） 
 
 147,348,293.52 
 -21,121,272.07 
（二）终止经营净利润（净亏损以“－”
号填列） 
 
 
 
五、其他综合收益的税后净额 
 
 -1,042,592.04 
 -669,128.98 
（一）不能重分类进损益的其他综合收
益 
 
 -1,042,592.04 
 -669,128.98 
1.重新计量设定受益计划变动额 
 
 
 
2.权益法下不能转损益的其他综合
收益 
 
 
 
3.其他权益工具投资公允价值变动 
 
 -1,042,592.04 
 -669,128.98 
4.企业自身信用风险公允价值变动 
 
 
 
（二）将重分类进损益的其他综合收益  
 
 
1.权益法下可转损益的其他综合收益 
 
 
 
2.其他债权投资公允价值变动 
 
 
 
3.金融资产重分类计入其他综合收益的
金额 
 
 
 
4.其他债权投资信用减值准备 
 
 
 
5.现金流量套期储备 
 
 
 

龙溪股份2023 年年度报告 
83  
6.外币财务报表折算差额 
 
 
 
7.其他 
 
 
 
六、综合收益总额 
 
 146,305,701.48 
 -21,790,401.05 
七、每股收益： 
（一）基本每股收益(元/股) 
 
 
 
（二）稀释每股收益(元/股) 
 
 
 
 
公司负责人：陈晋辉 主管会计工作负责人：曾四新 会计机构负责人：吴慧泉 
 
合并现金流量表 
2023 年1—12 月 
单位：元  币种：人民币 
项目 
附注 
2023年度 
2022年度 
一、经营活动产生的现金流量： 
销售商品、提供劳务收到的现金 
 
1,847,563,612.46 
1,643,343,720.43 
收到的税费返还 
 
 
9,693,376.74 
收到其他与经营活动有关的现金 
 
60,871,359.76 
115,688,917.93 
经营活动现金流入小计 
 
1,908,434,972.22 
1,768,726,015.10 
购买商品、接受劳务支付的现金 
 
 1,381,625,762.62 
 1,132,107,460.68 
支付给职工及为职工支付的现金 
 
315,765,706.90 
291,967,310.04 
支付的各项税费 
 
78,279,479.45 
83,913,351.05 
支付其他与经营活动有关的现金 
 
 128,758,968.76 
68,894,053.24 
经营活动现金流出小计 
 
 1,904,429,917.73 
1,576,882,175.01 
经营活动产生的现金流量净额 
 
 4,005,054.49 
191,843,840.09 
二、投资活动产生的现金流量： 
收回投资收到的现金 
 
 
1,101,069.30 
取得投资收益收到的现金 
 
27,787,401.61 
27,673,891.93 
处置固定资产、无形资产和其他长
期资产收回的现金净额 
 
23,317,261.06 
258,021,887.52 
处置子公司及其他营业单位收到
的现金净额 
 
 
 
收到其他与投资活动有关的现金 
 
30,049,428.36 
 
投资活动现金流入小计 
 
81,154,091.03 
286,796,848.75 
购建固定资产、无形资产和其他长
期资产支付的现金 
 
86,570,438.64 
182,721,832.23 
投资支付的现金 
 
11,600.00 
65,703,449.20 
质押贷款净增加额 
 
 
 
取得子公司及其他营业单位支付
的现金净额 
 
 
 
支付其他与投资活动有关的现金 
 
110,492,583.32 
191,300,000.00 
投资活动现金流出小计 
 
197,074,621.96 
439,725,281.43 
投资活动产生的现金流量净额 
 
-115,920,530.93 
-152,928,432.68 
三、筹资活动产生的现金流量： 
吸收投资收到的现金 
 
 
 
其中：子公司吸收少数股东投资收
到的现金 
 
 
 
取得借款收到的现金 
 
274,743,119.00 
1,209,240,000.00 
收到其他与筹资活动有关的现金 
 
1,100,000.00 
3,500,000.00 
筹资活动现金流入小计 
 
275,843,119.00 
1,212,740,000.00 

龙溪股份2023 年年度报告 
84  
偿还债务支付的现金 
 
368,744,991.65 
967,000,000.00 
分配股利、利润或偿付利息支付的
现金 
 
8,935,517.13 
64,508,246.06 
其中：子公司支付给少数股东的股
利、利润 
 
200,000.00 
153,675.00 
支付其他与筹资活动有关的现金 
 
 
 
筹资活动现金流出小计 
 
377,680,508.78 
1,031,508,246.06 
筹资活动产生的现金流量净额 
 
 -101,837,389.78 
 181,231,753.94 
四、汇率变动对现金及现金等价物的
影响 
 
 2,752,731.37 
 3,622,527.34 
五、现金及现金等价物净增加额 
 
 -211,000,134.85 
 223,769,688.69 
加：期初现金及现金等价物余额 
 
 533,125,041.77 
 309,355,353.08 
六、期末现金及现金等价物余额 
 
 322,124,906.92 
 533,125,041.77 
 
公司负责人：陈晋辉            主管会计工作负责人：曾四新     会计机构负责人：吴慧泉 
母公司现金流量表 
2023 年1—12 月 
单位:元  币种:人民币 
项目 
附注 
2023年度 
2022年度 
一、经营活动产生的现金流量： 
销售商品、提供劳务收到的现
金 
 
 939,792,377.19 
 803,452,055.79 
收到的税费返还 
 
 
 
收到其他与经营活动有关的
现金 
 
 60,214,219.66 
 136,094,154.20 
经营活动现金流入小计 
 
1,000,006,596.85 
939,546,209.99 
购买商品、接受劳务支付的现
金 
 
 584,398,247.90 
 405,821,925.01 
支付给职工及为职工支付的
现金 
 
 224,581,325.42 
 213,368,267.68 
支付的各项税费 
 
 48,796,865.85 
 70,235,627.46 
支付其他与经营活动有关的
现金 
 
 135,323,570.92 
 63,739,725.95 
经营活动现金流出小计 
 
 993,100,010.09 
 753,165,546.10 
经营活动产生的现金流量净
额 
 
 6,906,586.76 
 186,380,663.89 
二、投资活动产生的现金流量： 
收回投资收到的现金 
 
 
 199,693.93 
取得投资收益收到的现金 
 
 35,864,191.56 
 26,311,148.16 
处置固定资产、无形资产和其
他长期资产收回的现金净额 
 
 
 256,451,517.97 
处置子公司及其他营业单位
收到的现金净额 
 
 
 
收到其他与投资活动有关的
现金 
 
 30,049,428.36 
 
投资活动现金流入小计 
 
 65,913,619.92 
 282,962,360.06 
购建固定资产、无形资产和其
他长期资产支付的现金 
 
 103,811,477.49 
 171,709,005.05 
投资支付的现金 
 
 11,600.00 
 65,703,449.20 

龙溪股份2023 年年度报告 
85  
取得子公司及其他营业单位
支付的现金净额 
 
 
 
支付其他与投资活动有关的
现金 
 
80,492,583.32 
210,000,000.00 
投资活动现金流出小计 
 
 184,315,660.81 
 447,412,454.25 
投资活动产生的现金流
量净额 
 
 -118,402,040.89 
 -164,450,094.19 
三、筹资活动产生的现金流量： 
吸收投资收到的现金 
 
 
 
取得借款收到的现金 
 
 239,743,119.00 
 1,179,340,000.00 
收到其他与筹资活动有关的
现金 
 
 1,100,000.00 
 3,500,000.00 
筹资活动现金流入小计 
 
240,843,119.00 
1,182,840,000.00 
偿还债务支付的现金 
 
 338,844,991.65 
 944,000,000.00 
分配股利、利润或偿付利息支
付的现金 
 
 7,248,427.20 
 63,199,203.70 
支付其他与筹资活动有关的
现金 
 
 
 
筹资活动现金流出小计 
 
 346,093,418.85 
 1,007,199,203.70 
筹资活动产生的现金流
量净额 
 
 -105,250,299.85 
 175,640,796.30 
四、汇率变动对现金及现金等价
物的影响 
 
 2,720,898.01 
 3,450,889.41 
五、现金及现金等价物净增加额  
 -214,024,855.97 
 201,022,255.41 
加：期初现金及现金等价物余
额 
 
 463,790,005.15 
 262,767,749.74 
六、期末现金及现金等价物余额  
 249,765,149.18 
 463,790,005.15 
 
公司负责人：陈晋辉         主管会计工作负责人：曾四新        会计机构负责人：吴慧泉 
 
 
 
 
