2023 年年度报告 
72 / 213 
 
二、 
财务报表 
合并资产负债表 
2023 年12 月31 日 
编制单位: 光明乳业股份有限公司 
单位:元  币种:人民币 
项目 
附注 
2023 年12 月31 日 
2022 年12 月31 日 
流动资产： 
货币资金 
（七）1 
3,287,200,944 
2,648,729,919  
交易性金融资产 
（七）2 
1,087,005 
1,183,793  
衍生金融资产 
（七）3 
117,804,593 
6,264,062  
应收账款 
（七）4 
1,905,524,763 
2,268,473,106  
预付款项 
（七）5 
435,534,407 
488,145,268  
其他应收款 
（七）6 
170,353,030 
62,921,742  
其中：应收利息 
 
 
 
应收股利 
（七）6 
 
 
存货 
（七）7 
3,567,106,707 
4,196,700,084  
持有待售资产 
（七）8 
18,148,150 
18,148,150  
其他流动资产 
（七）9 
217,150,664 
217,906,255  
流动资产合计 
 
9,719,910,263 
9,908,472,379  
非流动资产： 
长期股权投资 
（七）10 
86,000,941 
80,583,307  
其他权益工具投资 
（七）11 
5,731,703 
2,235,782  
其他非流动金融资产 
（七）12 
106,674,160 
71,224,903  
固定资产 
（七）13 
9,161,562,586 
8,598,421,348  
在建工程 
（七）14 
312,754,939 
1,028,043,784  
生产性生物资产 
（七）15 
2,039,270,377 
1,863,712,671  
使用权资产 
（七）16 
931,266,451 
1,027,044,693  
无形资产 
（七）17 
872,499,675 
786,110,067  
商誉 
（七）18 
749,597,898 
822,579,099  
长期待摊费用 
（七）19 
61,483,428 
24,068,086  
递延所得税资产 
（七）20 
115,798,279 
158,742,194  
其他非流动资产 
（七）21 
64,769,207 
81,098,387  
非流动资产合计 
 
14,507,409,644 
14,543,864,321 
资产总计 
 
24,227,319,907 
24,452,336,700 
流动负债： 
短期借款 
（七）22 
1,756,937,715 
1,202,759,784  
衍生金融负债 
（七）23 
42,191,675 
82,669,915  
应付账款 
（七）25 
3,112,497,790 
3,904,111,000  
合同负债 
（七）26 
1,382,247,634 
1,068,375,399  
应付职工薪酬 
（七）27 
458,627,185 
541,610,206  
应交税费 
（七）28 
99,490,236 
147,300,711  
其他应付款 
（七）29 
2,126,084,753 
2,634,088,560  
其中：应付利息 
 
 
 
应付股利 
 
23,397,701 
22,007,981 
一年内到期的非流动负债 
（七）30 
1,047,052,905 
1,033,433,246  
其他流动负债 
（七）32 
172,446,944 
120,168,123  
流动负债合计 
 
10,197,576,837 
10,734,516,944  

2023 年年度报告 
73 / 213 
 
非流动负债： 
长期借款 
（七）33 
534,669,400 
201,789,375  
应付债券 
（七）34 
 
788,706,630  
其中：优先股 
 
 
 
永续债 
 
 
 
租赁负债 
（七）35 
793,032,243 
802,998,226  
长期应付款 
（七）36 
31,357,283 
19,680,863  
预计负债 
（七）37 
14,129,760 
10,715,141  
递延收益 
（七）38 
496,433,538 
502,267,618  
递延所得税负债 
（七）20 
205,534,818 
333,293,592  
其他非流动负债 
（七）39 
532,006,107 
510,115,880  
非流动负债合计 
 
2,607,163,149 
3,169,567,325 
负债合计 
 
12,804,739,986 
13,904,084,269 
所有者权益（或股东权益）： 
实收资本（或股本） 
（七）40 
1,378,473,763 
1,378,640,863  
资本公积 
（七）41 
2,922,450,338 
2,922,599,097  
减：库存股 
（七）42 
193,200 
193,200 
其他综合收益 
（七）43 
-157,291,087 
-223,499,134 
盈余公积 
（七）44 
689,320,432 
689,320,432  
未分配利润 
（七）45 
4,089,701,599 
3,232,662,484  
归属于母公司所有者权益
（或股东权益）合计 
 
8,922,461,845 
7,999,530,542  
少数股东权益 
 
2,500,118,076 
2,548,721,889  
所有者权益（或股东权
益）合计 
 
11,422,579,921 
10,548,252,431  
负债和所有者权益（或
股东权益）总计 
 
24,227,319,907 
24,452,336,700 
 
公司负责人：黄黎明    主管会计工作负责人：赵健福    会计机构负责人：章韬 
 
母公司资产负债表 
2023 年12 月31 日 
编制单位:光明乳业股份有限公司  
单位:元  币种:人民币 
项目 
附注 
2023 年12 月31 日 
2022 年12 月31 日 
流动资产： 
货币资金 
 
996,506,704 
482,265,437 
交易性金融资产 
 
 
 
衍生金融资产 
 
 
 
应收账款 
 
3,116,890,544 
3,086,339,695 
预付款项 
 
170,650,586 
102,669,444 
其他应收款 
 
3,179,129,235 
2,618,952,045 
其中：应收利息 
 
 
 
应收股利 
 
167,834,534 
 
存货 
 
353,851,050 
347,719,528 
持有待售资产 
 
18,148,150 
18,148,150 
其他流动资产 
 
35,645,674 
6,568,492 

2023 年年度报告 
74 / 213 
 
流动资产合计 
 
7,870,821,943 
6,662,662,791 
非流动资产： 
长期股权投资 
 
6,819,813,351 
6,851,143,850 
其他权益工具投资 
 
 
 
其他非流动金融资产 
 
52,962,512 
25,875,490 
固定资产 
 
564,336,819 
610,172,611 
在建工程 
 
8,545,197 
78,720,767 
生产性生物资产 
 
 
 
使用权资产 
 
22,961,202 
37,898,616 
无形资产 
 
186,540,746 
105,853,266 
商誉 
 
 
 
长期待摊费用 
 
 
 
递延所得税资产 
 
 
106,964,929 
其他非流动资产 
 
2,099,142 
1,744,000 
非流动资产合计 
 
7,657,258,969 
7,818,373,529 
资产总计 
 
15,528,080,912 
14,481,036,320 
流动负债： 
短期借款 
 
 
 
衍生金融负债 
 
13,407,024 
12,901,266 
应付账款 
 
2,732,221,601 
2,737,908,342 
合同负债 
 
632,115,120 
447,718,510 
应付职工薪酬 
 
182,482,377 
236,865,686 
应交税费 
 
18,172,502 
23,669,052 
其他应付款 
 
3,264,856,196 
2,875,027,651 
其中：应付利息 
 
 
 
应付股利 
 
 
 
一年内到期的非流动负债 
 
10,475,313 
7,688,661 
其他流动负债 
 
83,067,089 
46,826,894 
流动负债合计 
 
6,936,797,222 
6,388,606,062 
非流动负债： 
长期借款 
 
6,000,000 
6,000,000 
应付债券 
 
 
 
其中：优先股 
 
 
 
永续债 
 
 
 
租赁负债 
 
10,764,545 
29,989,310 
长期应付款 
 
193,200 
193,200 
预计负债 
 
 
 
递延收益 
 
465,307,453 
461,731,662 
递延所得税负债 
 
 
 
其他非流动负债 
 
 
 
非流动负债合计 
 
482,265,198 
497,914,172 
负债合计 
 
7,419,062,420 
6,886,520,234 
所有者权益（或股东权益）： 
实收资本（或股本） 
 
1,378,473,763 
1,378,640,863 
资本公积 
 
3,342,263,371 
3,342,881,641 
减：库存股 
 
193,200 
193,200 
其他综合收益 
 
 
 
盈余公积 
 
689,320,432 
689,320,432 

2023 年年度报告 
75 / 213 
 
未分配利润 
 
2,699,154,126 
2,183,866,350 
所有者权益（或股东权益）
合计 
 
8,109,018,492 
7,594,516,086 
负债和所有者权益（或股
东权益）总计 
 
15,528,080,912 
14,481,036,320 
 
公司负责人：黄黎明      主管会计工作负责人：赵健福    会计机构负责人：章韬 
 
 
合并利润表 
2023 年1—12 月 
单位:元  币种:人民币 
项目 
附注 
2023 年度 
2022 年度 
一、营业总收入 
（七）46 
26,485,200,199 
28,214,908,036 
其中：营业收入 
 
26,485,200,199 
28,214,908,036 
二、营业总成本 
 
25,761,255,785 
27,639,328,079 
其中：营业成本 
（七）46 
21,279,242,476 
22,952,053,914 
税金及附加 
（七）47 
92,840,686 
92,738,113 
销售费用 
（七）48 
3,181,938,505 
3,473,565,933 
管理费用 
（七）49 
886,162,411 
878,386,807 
研发费用 
（七）50 
86,199,335 
84,661,532 
财务费用 
（七）51 
234,872,372 
157,921,780 
其中：利息费用 
 
204,136,377 
159,883,967 
利息收入 
 
35,140,963 
39,270,847 
加：其他收益 
（七）52 
46,811,104 
65,693,454 
投资收益（损失以“－”号填
列） 
（七）53 
5,417,634 
-14,353,204 
其中：对联营企业和合营企业
的投资收益 
 
5,417,634 
-8,276,473 
公允价值变动收益（损失以
“－”号填列） 
（七）54 
6,992,560 
-6,894,747 
信用减值损失（损失以“-”
号填列） 
（七）55 
7,932,416 
58,866,826 
资产减值损失（损失以“-”
号填列） 
（七）56 
-347,557,427 
-171,591,204 
资产处置收益（损失以“－”
号填列） 
（七）57 
447,968,366 
33,907,765 
三、营业利润（亏损以“－”号填列） 
 
891,509,067 
541,208,847 
加：营业外收入 
（七）58 
89,889,882 
40,423,563 
减：营业外支出 
（七）59 
165,016,296 
83,727,734 
四、利润总额（亏损总额以“－”号
填列） 
 
816,382,653 
497,904,676 
减：所得税费用 
（七）60 
-14,182,404 
106,747,742 
五、净利润（净亏损以“－”号填列） 
 
830,565,057 
391,156,934 
（一）按经营持续性分类 
1.持续经营净利润（净亏损以
“－”号填列） 
 
830,565,057 
391,156,934 
2.终止经营净利润（净亏损以
 
 
 

2023 年年度报告 
76 / 213 
 
“－”号填列） 
（二）按所有权归属分类 
1.归属于母公司股东的净利润
（净亏损以“-”号填列） 
 
967,330,384 
360,688,178 
2.少数股东损益（净亏损以“-”
号填列） 
 
-136,765,327 
30,468,756 
六、其他综合收益的税后净额 
（七）61 
173,295,791 
34,909,758 
（一）归属母公司所有者的其他综
合收益的税后净额 
 
66,208,047 
-4,508,701 
1．不能重分类进损益的其他综
合收益 
 
 
 
（1）重新计量设定受益计划变动
额 
 
 
 
（2）权益法下不能转损益的其他
综合收益 
 
 
 
2．将重分类进损益的其他综合
收益 
 
66,208,047 
-4,508,701 
（1）现金流量套期储备 
 
44,496,440 
8,699,158 
（2）外币财务报表折算差额 
 
21,711,607 
-13,207,859 
（二）归属于少数股东的其他综合
收益的税后净额 
 
107,087,744 
39,418,459 
七、综合收益总额 
 
1,003,860,848 
426,066,692 
（一）归属于母公司所有者的综合
收益总额 
 
1,033,538,431 
356,179,477 
（二）归属于少数股东的综合收益
总额 
 
-29,677,583 
69,887,215 
八、每股收益： 
（一）基本每股收益(元/股) 
 
0.70 
0.26 
（二）稀释每股收益(元/股) 
 
0.70 
0.26 
 
公司负责人：黄黎明      主管会计工作负责人：赵健福    会计机构负责人：章韬 
 
母公司利润表 
2023 年1—12 月 
单位:元  币种:人民币 
项目 
附注 
2023 年度 
2022 年度 
一、营业收入 
（十九）4 
11,530,513,505 
12,565,006,121 
减：营业成本 
（十九）4 
9,913,745,490 
10,737,020,916 
税金及附加 
 
23,568,201 
26,623,226 
销售费用 
 
1,070,740,960 
1,325,505,018 
管理费用 
 
250,262,144 
312,323,519 
研发费用 
 
56,025,003 
54,094,637 
财务费用 
 
-4,131,982 
-12,372,410 
其中：利息费用 
 
931,315 
873,586 
利息收入 
 
5,435,120 
13,714,665 
加：其他收益 
 
6,132,174 
12,823,001 
投资收益（损失以“－”号填
列） 
（十九）5 
188,162,474 
189,326,987 

2023 年年度报告 
77 / 213 
 
其中：对联营企业和合营企业
的投资收益 
 
5,374,589 
4,315,803 
公允价值变动收益（损失以
“－”号填列） 
 
26,581,264 
3,706,803 
信用减值损失（损失以“-”
号填列） 
 
-59,297,644 
-286,527,670 
资产减值损失（损失以“-”
号填列） 
 
-61,903,640 
-31,010,447 
资产处置收益（损失以“－”
号填列） 
 
425,176,593 
 
二、营业利润（亏损以“－”号填列） 
 
745,154,910 
10,129,889 
加：营业外收入 
 
2,209,948 
151,011,647 
减：营业外支出 
 
12,516,825 
13,002,348 
三、利润总额（亏损总额以“－”号
填列） 
 
734,848,033 
148,139,188 
减：所得税费用 
 
109,268,988 
2,684,952 
四、净利润（净亏损以“－”号填列）  
625,579,045 
145,454,236 
（一）持续经营净利润（净亏损以
“－”号填列） 
 
625,579,045 
145,454,236 
（二）终止经营净利润（净亏损以
“－”号填列） 
 
 
 
五、其他综合收益的税后净额 
 
 
 
六、综合收益总额 
 
625,579,045 
145,454,236 
 
公司负责人：黄黎明    主管会计工作负责人：赵健福     会计机构负责人：章韬 
 
 
 
合并现金流量表 
2023 年1—12 月 
单位：元  币种：人民币 
项目 
附注 
2023年度 
2022年度 
一、经营活动产生的现金流量： 
销售商品、提供劳务收到的现金 
 
30,379,439,869 
33,126,994,541 
收到的税费返还 
 
 
34,589,036 
收到其他与经营活动有关的现金 
（七）62(1) 
172,915,591 
222,965,280 
经营活动现金流入小计 
 
30,552,355,460 
33,384,548,857 
购买商品、接受劳务支付的现金 
 
22,117,409,084 
26,413,442,378 
支付给职工及为职工支付的现金 
 
4,191,444,800 
3,459,689,924 
支付的各项税费 
 
362,354,764 
659,840,545 
支付其他与经营活动有关的现金 
（七）62(1) 
2,416,796,855 
2,184,438,682 
经营活动现金流出小计 
 
29,088,005,503 
32,717,411,529 
经营活动产生的现金流量净额 
（七）63(1) 
1,464,349,957 
667,137,328 
二、投资活动产生的现金流量： 
取得投资收益收到的现金 
 
 
4,843,430 
处置固定资产、无形资产和其他长期资产收
回的现金净额 
 
536,360,279 
278,640,432 
处置子公司及其他营业单位收到的现金净
 
30,310,000 
 

2023 年年度报告 
78 / 213 
 
额 
收到其他与投资活动有关的现金 
 
 
 
投资活动现金流入小计 
 
566,670,279 
283,483,862 
购建固定资产、无形资产和其他长期资产支
付的现金 
 
908,185,519 
1,386,014,807 
投资支付的现金 
 
3,486,802 
 
取得子公司及其他营业单位支付的现金净
额 
 
 
 
支付其他与投资活动有关的现金 
 
 
 
投资活动现金流出小计 
 
911,672,321 
1,386,014,807 
投资活动产生的现金流量净额 
 
-345,002,042 
-1,102,530,945 
三、筹资活动产生的现金流量： 
吸收投资收到的现金 
 
 
 
其中：子公司吸收少数股东投资收到的现金  
 
 
取得借款收到的现金 
 
2,750,279,706 
2,347,822,176 
收到其他与筹资活动有关的现金 
 
 
 
筹资活动现金流入小计 
 
2,750,279,706 
2,347,822,176 
偿还债务支付的现金 
 
2,604,007,868 
1,799,823,889 
分配股利、利润或偿付利息支付的现金 
 
287,908,079 
347,735,422 
其中：子公司支付给少数股东的股利、利润  
11,306,402 
12,638,600 
支付其他与筹资活动有关的现金 
（七）62(3) 
354,743,415 
326,743,736 
筹资活动现金流出小计 
 
3,246,659,362 
2,474,303,047 
筹资活动产生的现金流量净额 
 
-496,379,656 
-126,480,871 
四、汇率变动对现金及现金等价物的影响 
 
1,838,551 
7,491,066 
五、现金及现金等价物净增加额 
 
624,806,810 
-554,383,422 
加：期初现金及现金等价物余额 
（七）63(4) 
2,648,729,919 
3,203,113,341 
六、期末现金及现金等价物余额 
（七）63(4) 
3,273,536,729 
2,648,729,919 
 
公司负责人：黄黎明     主管会计工作负责人：赵健福    会计机构负责人：章韬 
 
 
母公司现金流量表 
2023 年1—12 月 
单位:元  币种:人民币 
项目 
附注 
2023年度 
2022年度 
一、经营活动产生的现金流量： 
销售商品、提供劳务收到的现金 
 
12,741,551,686 
13,796,891,034 
收到的税费返还 
 
 
831,245 
收到其他与经营活动有关的现金 
 
33,583,742 
98,442,128 
经营活动现金流入小计 
 
12,775,135,428 
13,896,164,407 
购买商品、接受劳务支付的现金 
 
10,786,752,908 
11,781,129,782 
支付给职工及为职工支付的现金 
 
938,752,107 
862,560,093 
支付的各项税费 
 
188,814,524 
256,521,805 
支付其他与经营活动有关的现金 
 
449,834,526 
1,309,940,406 
经营活动现金流出小计 
 
12,364,154,065 
14,210,152,086 
经营活动产生的现金流量净额 
 
410,981,363 
-313,987,679 
二、投资活动产生的现金流量： 
取得投资收益收到的现金 
 
14,953,351 
249,425,569 

2023 年年度报告 
79 / 213 
 
处置固定资产、无形资产和其他长期资产收
回的现金净额 
 
304,557,039 
16,817,779 
处置子公司及其他营业单位收到的现金净
额 
 
 
 
收到其他与投资活动有关的现金 
 
 
 
投资活动现金流入小计 
 
319,510,390 
266,243,348 
购建固定资产、无形资产和其他长期资产支
付的现金 
 
89,761,374 
65,693,149 
投资支付的现金 
 
 
1,744,000 
取得子公司及其他营业单位支付的现金净
额 
 
 
1,358,145,267 
支付其他与投资活动有关的现金 
 
 
 
投资活动现金流出小计 
 
89,761,374 
1,425,582,416 
投资活动产生的现金流量净额 
 
229,749,016 
-1,159,339,068 
三、筹资活动产生的现金流量： 
吸收投资收到的现金 
 
 
 
取得借款收到的现金 
 
 
 
收到其他与筹资活动有关的现金 
 
 
 
筹资活动现金流入小计 
 
 
 
偿还债务支付的现金 
 
 
 
分配股利、利润或偿付利息支付的现金 
 
110,291,269 
220,582,538 
支付其他与筹资活动有关的现金 
 
26,355,900 
19,695,507 
筹资活动现金流出小计 
 
136,647,169 
240,278,045 
筹资活动产生的现金流量净额 
 
-136,647,169 
-240,278,045 
四、汇率变动对现金及现金等价物的影响 
 
 
 
五、现金及现金等价物净增加额 
 
504,083,210 
-1,713,604,792 
加：期初现金及现金等价物余额 
 
482,265,437 
2,195,870,229 
六、期末现金及现金等价物余额 
 
986,348,647 
482,265,437 
 
公司负责人：黄黎明 主管会计工作负责人：赵健福 会计机构负责人：章韬 
 
 
 
 
