2023 年年度报告 
74 / 204 
 
二、 财务报表 
合并资产负债表 
2023 年12 月31 日 
编制单位: 上海凤凰企业（集团）股份有限公司 
单位:元  币种:人民币 
项目 
附注 
2023 年12 月31 日 
2022 年12 月31 日 
流动资产： 
货币资金 
 
530,782,634.72 
673,381,838.67 
交易性金融资产 
 
205,471,544.46 
146,328,381.66 
应收票据 
 
21,152,859.91 
15,398,046.67 
应收账款 
 
289,115,773.72 
281,099,286.67 
应收款项融资 
 
85,585,948.40 
3,297,690.47 
预付款项 
 
37,121,864.21 
55,732,306.57 
其他应收款 
 
25,523,752.69 
14,942,356.46 
存货 
 
321,027,143.93 
291,086,069.78 
合同资产 
 
2,475,210.39 
3,850,338.14 
其他流动资产 
 
145,249,458.54 
36,737,033.33 
流动资产合计 
 
1,663,506,190.97 
1,521,853,348.42 
非流动资产： 
债权投资 
 
30,749,583.33 
 
其他债权投资 
 
112,025,833.33 
50,705,743.50 
长期股权投资 
 
28,369,859.85 
36,778,730.22 
其他权益工具投资 
 
227,471,937.53 
218,219,296.71 
投资性房地产 
 
334,249,132.69 
243,528,675.05 
固定资产 
 
280,765,789.60 
309,069,531.08 
在建工程 
 
11,856,785.11 
18,353,223.26 
使用权资产 
 
40,632,589.57 
38,959,576.72 
无形资产 
 
115,920,425.91 
134,592,278.19 
商誉 
 
366,529,912.58 
380,453,458.14 
长期待摊费用 
 
11,232,920.92 
9,774,353.81 
递延所得税资产 
 
33,478,680.76 
29,478,803.15 
其他非流动资产 
 
1,068,913.66 
25,379,020.00 
非流动资产合计 
 
1,594,352,364.84 
1,495,292,689.83 
资产总计 
 
3,257,858,555.81 
3,017,146,038.25 
流动负债： 
短期借款 
 
310,097,774.30 
75,136,097.03 
衍生金融负债 
 
317,756.33 
7,228,897.71 
应付票据 
 
160,777,336.81 
158,817,847.87 
应付账款 
 
240,850,265.63 
214,816,811.63 
预收款项 
 
1,619,690.08 
1,613,037.54 
合同负债 
 
34,266,509.43 
42,782,132.18 
应付职工薪酬 
 
30,443,646.00 
42,022,568.84 
应交税费 
 
16,355,696.11 
11,124,065.99 
其他应付款 
 
145,192,615.67 
177,229,884.34 
其中：应付利息 
 
 
 
应付股利 
 
232,400.00 
232,400.00 
一年内到期的非流动负债 
 
22,792,614.19 
20,485,429.12 
其他流动负债 
 
3,310,617.30 
4,113,997.82 

2023 年年度报告 
75 / 204 
 
流动负债合计 
 
966,024,521.85 
755,370,770.07 
非流动负债： 
长期借款 
 
18,818,476.65 
21,014,563.95 
租赁负债 
 
18,088,799.83 
22,618,988.96 
长期应付款 
 
 
44,445.66 
长期应付职工薪酬 
 
 4,399,618.47 
 4,186,260.43 
预计负债 
 
15,880,708.90 
16,440,109.43 
递延收益 
 
11,680,641.15 
12,579,908.96 
递延所得税负债 
 
51,151,739.15 
58,785,986.88 
非流动负债合计 
 
120,019,984.15 
135,670,264.27 
负债合计 
 
1,086,044,506.00 
891,041,034.34 
所有者权益（或股东权益）： 
实收资本（或股本） 
 
515,294,257.00 
515,294,257.00 
资本公积 
 
1,626,230,320.94 
1,626,230,320.94 
其他综合收益 
 
44,012,354.79 
42,527,225.85 
盈余公积 
 
5,839,535.40 
5,840,165.40 
未分配利润 
 
-32,729,868.42 
-78,023,694.72 
归属于母公司所有者权益（或股东权益）合
计 
 
2,158,646,599.71 
2,111,868,274.47 
少数股东权益 
 
13,167,450.10 
14,236,729.44 
所有者权益（或股东权益）合计 
 
2,171,814,049.81 
2,126,105,003.91 
负债和所有者权益（或股东权益）总计  
3,257,858,555.81 
3,017,146,038.25 
 
公司负责人：胡伟           主管会计工作负责人：郭建新          会计机构负责人：曹伟春 
 
 
 

2023 年年度报告 
76 / 204 
 
母公司资产负债表 
2023 年12 月31 日 
编制单位:上海凤凰企业（集团）股份有限公司  
单位:元  币种:人民币 
项目 
附注 
2023 年12 月31 日 
2022 年12 月31 日 
流动资产： 
货币资金 
 
208,861,818.07 
202,664,479.84 
交易性金融资产 
 
10,426,622.77 
11,761,393.33 
应收账款 
 
59,589,948.54 
59,589,876.74 
预付款项 
 
464,521.69 
546,986.02 
其他应收款 
 
535,476,123.47 
428,123,944.44 
其中：应收利息 
 
 
 
应收股利 
 
75,501,798.08 
75,501,798.08 
其他流动资产 
 
67,408.06 
 
流动资产合计 
 
814,886,442.60 
702,686,680.37 
非流动资产： 
债权投资 
 
30,749,583.33 
 
其他债权投资 
 
112,025,833.33 
 
长期股权投资 
 
1,749,213,267.45 
1,757,581,726.70 
其他权益工具投资 
 
227,441,809.68 
217,387,881.86 
投资性房地产 
 
2,300,891.48 
2,485,560.80 
固定资产 
 
597,308.85 
856,821.22 
使用权资产 
 
9,332,913.24 
13,999,369.80 
递延所得税资产 
 
7,121,177.73 
4,810,387.43 
非流动资产合计 
 
2,138,782,785.09 
1,997,121,747.81 
资产总计 
 
2,953,669,227.69 
2,699,808,428.18 
流动负债： 
短期借款 
 
300,229,583.33 
60,069,083.33 
应付账款 
 
588,414.03 
588,414.03 
预收款项 
 
74,461.32 
72,985.32 
应付职工薪酬 
 
5,763,001.12 
8,820,948.52 
应交税费 
 
2,446,456.00 
2,236,630.38 
其他应付款 
 
237,597,978.65 
205,916,269.98 
其中：应付利息 
 
 
 
应付股利 
 
232,400.00 
232,400.00 
持有待售负债 
 
 
 
一年内到期的非流动负债 
 
3,731,139.99 
4,660,042.26 
其他流动负债 
 
 
 
流动负债合计 
 
550,431,034.44 
282,364,373.82 
非流动负债： 
租赁负债 
 
4,890,613.71 
8,621,753.87 
递延所得税负债 
 
22,038,073.39 
19,275,286.25 
非流动负债合计 
 
26,928,687.10 
27,897,040.12 
负债合计 
 
577,359,721.54 
310,261,413.94 
所有者权益（或股东权益）： 
实收资本（或股本） 
 
515,294,257.00 
515,294,257.00 
资本公积 
 
1,838,649,381.61 
1,838,649,381.61 
其他综合收益 
 
49,380,684.83 
48,083,988.97 

2023 年年度报告 
77 / 204 
 
盈余公积 
 
5,855,644.76 
5,855,644.76 
未分配利润 
 
-32,870,462.05 
-18,336,258.10 
所有者权益（或股东权益）合计 
 
2,376,309,506.15 
2,389,547,014.24 
负债和所有者权益（或股东权益）总计  
2,953,669,227.69 
2,699,808,428.18 
 
公司负责人：胡伟           主管会计工作负责人：郭建新            会计机构负责人：曹伟春 
 
 
 

2023 年年度报告 
78 / 204 
 
合并利润表 
2023 年1—12 月 
单位:元  币种:人民币 
项目 
附注 
2023 年度 
2022 年度 
一、营业总收入 
 
1,739,322,692.17 
1,609,895,458.97 
其中：营业收入 
 
1,739,322,692.17 
1,609,895,458.97 
二、营业总成本 
 
1,695,018,715.97 
1,552,126,883.69 
其中：营业成本 
 
1,471,326,831.36 
1,329,192,759.72 
税金及附加 
 
9,116,328.66 
9,525,865.17 
销售费用 
 
61,331,949.96 
47,463,230.38 
管理费用 
 
143,514,103.58 
155,426,507.07 
研发费用 
 
18,635,992.99 
20,439,121.82 
财务费用 
 
-8,906,490.58 
-9,920,600.47 
其中：利息费用 
 
9,162,059.77 
6,865,519.94 
利息收入 
 
12,888,253.50 
6,491,789.59 
加：其他收益 
 
6,315,235.65 
7,921,210.81 
投资收益（损失以“－”号填列） 
 
14,678,847.58 
22,296,142.67 
其中：对联营企业和合营企业的投资收
益 
 
-4,535,998.05 
-1,854,208.96 
公允价值变动收益（损失以“－”号填
列） 
 
6,745,420.73 
-12,036,220.30 
信用减值损失（损失以“-”号填列） 
 
-13,588,237.40 
-17,205,852.52 
资产减值损失（损失以“-”号填列） 
 
-14,360,479.80 
-356,596,474.06 
资产处置收益（损失以“－”号填列）  
241,776.93 
-21,375.45 
三、营业利润（亏损以“－”号填列） 
 
44,336,539.89 
-297,873,993.57 
加：营业外收入 
 
4,214,306.38 
1,724,904.03 
减：营业外支出 
 
3,012,694.05 
10,159,026.12 
四、利润总额（亏损总额以“－”号填列） 
 
45,538,152.22 
-306,308,115.66 
减：所得税费用 
 
1,313,335.26 
4,310,921.08 
五、净利润（净亏损以“－”号填列） 
 
44,224,816.96 
-310,619,036.74 
（一）按经营持续性分类 
1.持续经营净利润（净亏损以“－”号填
列） 
 
44,224,816.96 
-310,619,036.74 
（二）按所有权归属分类 
1.归属于母公司股东的净利润（净亏损以
“-”号填列） 
 
45,293,826.30 
-308,040,663.87 
2.少数股东损益（净亏损以“-”号填列）  
-1,069,009.34 
-2,578,372.87 
六、其他综合收益的税后净额 
 
1,485,128.94 
-10,221,103.48 
（一）归属母公司所有者的其他综合收益的
税后净额 
 
1,485,128.94 
-10,221,103.48 
1．不能重分类进损益的其他综合收益 
 
1,296,695.86 
-9,955,099.60 
（3）其他权益工具投资公允价值变动 
 
1,296,695.86 
-9,955,099.60 
2．将重分类进损益的其他综合收益 
 
188,433.08 
-266,003.88 
（6）外币财务报表折算差额 
 
188,433.08 
-266,003.88 
（二）归属于少数股东的其他综合收益的税
后净额 
 
 
 
七、综合收益总额 
 
45,709,945.90 
-320,840,140.22 
（一）归属于母公司所有者的综合收益总额  
46,778,955.24 
-318,261,767.35 
（二）归属于少数股东的综合收益总额 
 
-1,069,009.34 
-2,578,372.87 

2023 年年度报告 
79 / 204 
 
八、每股收益： 
（一）基本每股收益(元/股) 
 
0.0879 
-0.5978 
（二）稀释每股收益(元/股) 
 
0.0879 
-0.5978 
 
公司负责人：胡伟           主管会计工作负责人：郭建新           会计机构负责人：曹伟春 
 
 

2023 年年度报告 
80 / 204 
 
母公司利润表 
2023 年1—12 月 
单位:元  币种:人民币 
项目 
附注 
2023 年度 
2022 年度 
一、营业收入 
 
4,815,065.22 
17,016,412.44 
减：营业成本 
 
206,597.84 
211,871.72 
税金及附加 
 
86,106.84 
12,029.08 
销售费用 
 
 
 
管理费用 
 
32,695,264.06 
56,586,023.68 
研发费用 
 
 
 
财务费用 
 
3,596,705.93 
740,095.13 
其中：利息费用 
 
6,436,737.20 
3,304,244.03 
利息收入 
 
2,861,699.79 
2,614,119.60 
加：其他收益 
 
1,233,803.84 
273,419.66 
投资收益（损失以“－”号填列） 
 
16,649,688.89 
20,114,589.14 
其中：对联营企业和合营企业的投资收
益 
 
-4,665,797.78 
-1,952,623.01 
净敞口套期收益（损失以“-”号填列）  
 
 
公允价值变动收益（损失以“－”号填
列） 
 
-18,321.16 
-65,910.93 
信用减值损失（损失以“-”号填列） 
 
-242,353.67 
-295,544.13 
资产处置收益（损失以“－”号填列）  
163,418.66 
 
二、营业利润（亏损以“－”号填列） 
 
-13,983,372.89 
-20,507,053.43 
加：营业外收入 
 
570,029.12 
550,000.00 
减：营业外支出 
 
1,101,095.30 
1,151,864.17 
三、利润总额（亏损总额以“－”号填列） 
 
-14,514,439.07 
-21,108,917.60 
减：所得税费用 
 
19,764.88 
-134,416.04 
四、净利润（净亏损以“－”号填列） 
 
-14,534,203.95 
-20,974,501.56 
（一）持续经营净利润（净亏损以“－”号
填列） 
 
-14,534,203.95 
-20,974,501.56 
五、其他综合收益的税后净额 
 
1,296,695.86 
-9,876,562.65 
（一）不能重分类进损益的其他综合收益 
 
1,296,695.86 
-9,876,562.65 
3.其他权益工具投资公允价值变动 
 
1,296,695.86 
-9,876,562.65 
（二）将重分类进损益的其他综合收益 
 
 
 
六、综合收益总额 
 
-13,237,508.09 
-30,851,064.21 
七、每股收益： 
（一）基本每股收益(元/股) 
 
 
 
（二）稀释每股收益(元/股) 
 
 
 
 
公司负责人：胡伟           主管会计工作负责人：郭建新           会计机构负责人：曹伟春 
 
 
 
 

2023 年年度报告 
81 / 204 
 
合并现金流量表 
2023 年1—12 月 
单位：元  币种：人民币 
项目 
附注 
2023年度 
2022年度 
一、经营活动产生的现金流量： 
销售商品、提供劳务收到的现金 
 
1,754,280,331.47 
1,848,220,855.22 
收到的税费返还 
 
81,299,387.04 
88,392,638.13 
收到其他与经营活动有关的现金 
 
47,758,424.15 
130,415,883.93 
经营活动现金流入小计 
 
1,883,338,142.66 
2,067,029,377.28 
购买商品、接受劳务支付的现金 
 
1,511,756,297.51 
1,479,531,046.19 
支付给职工及为职工支付的现金 
 
216,583,309.00 
195,483,354.99 
支付的各项税费 
 
37,382,304.08 
47,252,908.85 
支付其他与经营活动有关的现金 
 
132,137,512.06 
120,146,156.16 
经营活动现金流出小计 
 
1,897,859,422.65 
1,842,413,466.19 
经营活动产生的现金流量净额 
 
-14,521,279.99 
224,615,911.09 
二、投资活动产生的现金流量： 
收回投资收到的现金 
 
1,332,819,295.75 
2,245,002,924.39 
取得投资收益收到的现金 
 
16,754,391.82 
23,612,505.21 
处置固定资产、无形资产和其他长期资产收
回的现金净额 
 
1,715,738.96 
658,419.80 
收到其他与投资活动有关的现金 
 
28,000,000.00 
60,000,000.00 
投资活动现金流入小计 
 
1,379,289,426.53 
2,329,273,849.40 
购建固定资产、无形资产和其他长期资产支
付的现金 
 
107,165,901.30 
121,687,544.35 
投资支付的现金 
 
1,506,170,687.00 
2,418,437,899.81 
取得子公司及其他营业单位支付的现金净额 
 
194,431.14 
28,950,500.00 
支付其他与投资活动有关的现金 
 
100,000,000.00 
 
投资活动现金流出小计 
 
1,713,531,019.44 
2,569,075,944.16 
投资活动产生的现金流量净额 
 
-334,241,592.91 
-239,802,094.76 
三、筹资活动产生的现金流量： 
吸收投资收到的现金 
 
 
447,983.00 
其中：子公司吸收少数股东投资收到的现金 
 
 
447,983.00 
取得借款收到的现金 
 
316,363,579.62 
92,126,079.92 
收到其他与筹资活动有关的现金 
 
11,500,000.00 
 
筹资活动现金流入小计 
 
327,863,579.62 
92,574,062.92 
偿还债务支付的现金 
 
81,284,145.90 
173,264,097.71 
分配股利、利润或偿付利息支付的现金 
 
6,009,824.72 
34,990,451.47 
支付其他与筹资活动有关的现金 
 
46,483,816.94 
16,955,239.95 
筹资活动现金流出小计 
 
133,777,787.56 
225,209,789.13 
筹资活动产生的现金流量净额 
 
194,085,792.06 
-132,635,726.21 
四、汇率变动对现金及现金等价物的影响 
 
2,853,943.59 
11,069,985.39 
五、现金及现金等价物净增加额 
 
-151,823,137.25 
-136,751,924.49 
加：期初现金及现金等价物余额 
 
632,902,325.11 
769,654,249.60 
六、期末现金及现金等价物余额 
 
481,079,187.86 
632,902,325.11 
 
公司负责人：胡伟           主管会计工作负责人：郭建新           会计机构负责人：曹伟春 
 
 

2023 年年度报告 
82 / 204 
 
母公司现金流量表 
2023 年1—12 月 
单位:元  币种:人民币 
项目 
附注 
2023年度 
2022年度 
一、经营活动产生的现金流量： 
销售商品、提供劳务收到的现金 
 
6,002,798.20 
2,519,236.08 
收到其他与经营活动有关的现金 
 
30,357,220.75 
10,581,562.15 
经营活动现金流入小计 
 
36,360,018.95 
13,100,798.23 
购买商品、接受劳务支付的现金 
 
739,430.51 
25,919.16 
支付给职工及为职工支付的现金 
 
22,422,029.33 
22,077,798.95 
支付的各项税费 
 
86,106.84 
11,664.54 
支付其他与经营活动有关的现金 
 
15,546,246.30 
30,047,852.01 
经营活动现金流出小计 
 
38,793,812.98 
52,163,234.66 
经营活动产生的现金流量净额 
 
-2,433,794.03 
-39,062,436.43 
二、投资活动产生的现金流量： 
收回投资收到的现金 
 
283,717,035.78 
1,465,869,896.89 
取得投资收益收到的现金 
 
8,561,465.17 
11,890,950.82 
处置固定资产、无形资产和其他长期资产收
回的现金净额 
 
234,250.00 
100.00 
投资活动现金流入小计 
 
292,512,750.95 
1,477,760,947.71 
购建固定资产、无形资产和其他长期资产支
付的现金 
 
125,793.82 
45,448.50 
投资支付的现金 
 
429,870,687.00 
1,475,872,171.81 
取得子公司及其他营业单位支付的现金净额 
 
 
28,950,500.00 
支付其他与投资活动有关的现金 
 
92,267,546.24 
 
投资活动现金流出小计 
 
522,264,027.06 
1,504,868,120.31 
投资活动产生的现金流量净额 
 
-229,751,276.11 
-27,107,172.60 
三、筹资活动产生的现金流量： 
取得借款收到的现金 
 
300,000,000.00 
60,000,000.00 
收到其他与筹资活动有关的现金 
 
30,000,000.00 
60,000,000.00 
筹资活动现金流入小计 
 
330,000,000.00 
120,000,000.00 
偿还债务支付的现金 
 
60,000,000.00 
113,956,000.00 
分配股利、利润或偿付利息支付的现金 
 
5,390,388.89 
34,051,085.32 
支付其他与筹资活动有关的现金 
 
26,227,202.74 
229,779,742.67 
筹资活动现金流出小计 
 
91,617,591.63 
377,786,827.99 
筹资活动产生的现金流量净额 
 
238,382,408.37 
-257,786,827.99 
四、汇率变动对现金及现金等价物的影响 
 
 
-33,619.65 
五、现金及现金等价物净增加额 
 
6,197,338.23 
-323,990,056.67 
加：期初现金及现金等价物余额 
 
202,663,779.84 
526,653,836.51 
六、期末现金及现金等价物余额 
 
208,861,118.07 
202,663,779.84 
 
公司负责人：胡伟           主管会计工作负责人：郭建新           会计机构负责人：曹伟春 
 
 
 
 
