中国化学工程股份有限公司 
合并资产负债表 
2023年12月31日 
（除特别注明外，金额单位均为人民币元） 
资产 
附注 
期末余额 
上年年末余额 
流动资产： 
 
 
 
  货币资金 
五、（一） 
48,638,703,263.83 
42,091,653,450.75 
  结算备付金 
 
 
 
  拆出资金 
五、（二） 
21,248,100.00 
1,000,000,000.00 
  交易性金融资产 
五、（三） 
1,020,151,010.74 
1,095,462,958.17 
  衍生金融资产 
 
 
 
  应收票据 
五、（四） 
8,508,440,646.29 
8,375,403,751.90 
  应收账款 
五、（五） 
26,254,644,295.22 
25,042,842,758.28 
  应收款项融资 
五、（六） 
3,290,403,860.91 
3,450,554,112.60 
  预付款项 
五、（七） 
17,825,866,873.67 
17,044,097,787.63 
  应收保费 
 
 
 
  应收分保账款 
 
 
 
  应收分保合同准备金 
 
 
 
  其他应收款 
五、（八） 
5,161,404,701.88 
4,709,035,101.43 
  买入返售金融资产 
五、（九） 
1,900,000,000.00 
1,400,000,000.00 
  存货 
五、（十） 
5,511,605,250.35 
6,190,853,593.98 
  合同资产 
五、（十一） 
46,206,176,248.42 
35,176,605,350.71 
  持有待售资产 
 
 
 
  一年内到期的非流动资产 
五、（十二） 
1,921,873,908.07 
1,712,883,606.13 
  其他流动资产 
五、（十三） 
3,125,900,491.43 
3,332,027,514.38 
流动资产合计 
 
169,386,418,650.81 
150,621,419,985.96 
非流动资产： 
 
 
 
  发放贷款和垫款 
五、（十四） 
6,283,949,467.94 
5,797,443,276.84 
  债权投资 
五、（十五） 
16,378,726.53 
27,083,334.46 
  其他债权投资 
五、（十六） 
1,012,110,893.41 
1,119,729,433.74 
  长期应收款 
五、（十七） 
3,893,129,803.65 
5,085,411,354.80 
  长期股权投资 
五、（十八） 
2,433,573,409.72 
2,177,234,595.28 
  其他权益工具投资 
五、（十九） 
1,061,950,699.24 
804,459,191.77 
  其他非流动金融资产 
五、（二十） 
92,586,666.67 
92,586,666.67 
  投资性房地产 
五、（二十一） 
1,552,251,355.87 
1,497,028,227.90 
  固定资产 
五、（二十二） 
13,784,173,071.18 
12,577,134,149.37 
  在建工程 
五、（二十三） 
7,021,623,026.17 
4,718,166,846.55 
  生产性生物资产 
 
 
 
  油气资产 
 
 
 
  使用权资产 
五、（二十四） 
1,997,839,692.16 
1,281,546,649.54 
  无形资产 
五、（二十五） 
4,541,035,819.42 
3,796,526,531.00 
  开发支出 
六、（二） 
95,028,678.91 
8,294,681.69 
  商誉 
五、（二十六） 
34,794,176.66 
19,541,389.96 
  长期待摊费用 
五、（二十七） 
506,277,613.51 
252,586,333.78 
  递延所得税资产 
五、（二十八） 
1,388,113,584.94 
1,145,203,100.36 
  其他非流动资产 
五、（二十九） 
4,014,084,410.21 
3,544,250,417.95 
非流动资产合计 
 
49,728,901,096.19 
43,944,226,181.66 
资产总计 
 
219,115,319,747.00 
194,565,646,167.62 
后附财务报表附注为财务报表的组成部分。 
公司负责人：                                    主管会计工作负责人：                                     会计机构负责人： 
108

中国化学工程股份有限公司 
合并资产负债表（续） 
2023 年12 月31 日 
（除特别注明外，金额单位均为人民币元） 
负债和所有者权益 
附注 
期末余额 
上年年末余额 
流动负债： 
 
 
 
  短期借款 
五、（三十一） 
875,141,539.94 
540,743,886.21 
  向中央银行借款 
五、（三十二） 
480,161,054.23 
73,351,851.85 
  拆入资金 
 
 
 
  交易性金融负债 
 
 
 
  衍生金融负债 
 
 
 
  应付票据 
五、（三十三） 
11,459,111,207.96 
9,281,098,673.01 
  应付账款 
五、（三十四） 
75,995,497,200.53 
60,507,533,667.38 
  预收款项 
五、（三十五） 
24,397,532.59 
18,244,173.81 
  合同负债 
五、（三十六） 
32,626,221,688.30 
35,569,923,435.17 
  卖出回购金融资产款 
 
 
 
  吸收存款及同业存放 
五、（三十七） 
6,327,216,600.80 
5,472,726,973.48 
  代理买卖证券款 
 
 
 
  代理承销证券款 
 
 
 
  应付职工薪酬 
五、（三十八） 
257,970,182.12 
201,520,003.59 
  应交税费 
五、（三十九） 
1,284,048,689.62 
1,209,619,282.76 
  其他应付款 
五、（四十） 
8,276,300,396.89 
8,527,520,297.03 
  应付手续费及佣金 
 
 
 
  应付分保账款 
 
 
 
  持有待售负债 
 
 
 
  一年内到期的非流动负债 
五、（四十一） 
1,118,999,454.02 
99,841,804.64 
  其他流动负债 
五、（四十二） 
4,820,982,667.48 
5,518,474,899.47 
流动负债合计 
 
143,546,048,214.48 
127,020,598,948.40 
非流动负债： 
 
 
 
  保险合同准备金 
 
 
 
  长期借款 
五、（四十三） 
7,158,305,990.72 
5,593,542,788.70 
  应付债券 
五、（四十四） 
500,001,450.02 
699,963,018.87 
  其中：优先股 
 
 
 
        永续债 
 
 
 
  租赁负债 
五、（四十五） 
2,071,584,604.37 
1,220,477,159.71 
  长期应付款 
五、（四十六） 
227,591,359.56 
95,329,695.68 
  长期应付职工薪酬 
五、（四十七） 
567,603,383.09 
658,180,779.02 
  预计负债 
五、（四十八） 
170,681,761.52 
188,678,659.29 
  递延收益 
五、（四十九） 
651,338,349.25 
583,689,925.87 
  递延所得税负债 
五、（二十八） 
150,002,572.51 
179,918,051.93 
  其他非流动负债 
 
 
 
非流动负债合计 
 
11,497,109,471.04 
9,219,780,079.07 
负债合计 
 
155,043,157,685.52 
136,240,379,027.47 
所有者权益： 
 
 
 
  股本 
五、（五十） 
6,109,470,588.00 
6,109,470,588.00 
  其他权益工具 
 
 
 
  其中：优先股 
 
 
 
        永续债 
 
 
 
  资本公积 
五、（五十一） 
15,406,748,089.54 
15,323,345,375.51 
  减：库存股 
五、（五十二） 
510,035,214.57 
510,035,214.57 
  其他综合收益 
五、（五十三） 
-458,327,272.59 
-494,048,735.75 
  专项储备 
五、（五十四） 
390,899,594.40 
258,553,891.40 
  盈余公积 
五、（五十五） 
2,706,598,260.64 
2,425,760,847.75 
  一般风险准备 
 
274,036,392.60 
274,036,392.60 
  未分配利润 
五、（五十六） 
33,575,922,398.15 
29,502,516,038.97 
  归属于母公司所有者权益合计 
 
57,495,312,836.17 
52,889,599,183.91 
  少数股东权益 
 
6,576,849,225.31 
5,435,667,956.24 
所有者权益合计 
 
64,072,162,061.48 
58,325,267,140.15 
负债和所有者权益总计 
 
          219,115,319,747.00  
194,565,646,167.62 
后附财务报表附注为财务报表的组成部分。 
公司负责人：                                    主管会计工作负责人：                                     会计机构负责人： 
109

中国化学工程股份有限公司 
母公司资产负债表 
2023 年12 月31 日 
（除特别注明外，金额单位均为人民币元） 
资产 
附注 
期末余额 
上年年末余额 
流动资产： 
 
 
 
  货币资金 
 
3,350,814,503.09 
5,427,131,289.18 
  交易性金融资产 
 
 
 
  衍生金融资产 
 
 
 
  应收票据 
 
 
 
  应收账款 
十八、（一） 
3,164,100.00 
 
  应收款项融资 
 
 
 
  预付款项 
 
463,831,708.61 
836,597,436.66 
  其他应收款 
十八、（二） 
1,745,757,197.07 
1,564,661,416.36 
  存货 
 
505,829.01 
320,754.00 
  合同资产 
 
135,087,640.61 
28,238,658.57 
  持有待售资产 
 
 
 
  一年内到期的非流动资产 
 
 
 
  其他流动资产 
 
85,340,669.57 
144,017,654.56 
流动资产合计 
 
5,784,501,647.96 
8,000,967,209.33 
非流动资产： 
 
 
 
  债权投资 
 
 
 
  其他债权投资 
 
 
 
  长期应收款 
 
1,752,120,908.28 
2,416,711,458.70 
  长期股权投资 
十八、（三） 
35,008,468,520.14 
31,812,430,540.02 
  其他权益工具投资 
 
 
 
  其他非流动金融资产 
 
 
 
  投资性房地产 
 
19,764,106.85 
31,399,673.48 
  固定资产 
 
302,801,953.29 
303,967,972.13 
  在建工程 
 
56,572,787.09 
 
  生产性生物资产 
 
 
 
  油气资产 
 
 
 
  使用权资产 
 
 
 
  无形资产 
 
43,677,477.05 
42,482,141.45 
  开发支出 
 
 
3,263,521.11 
  商誉 
 
 
 
  长期待摊费用 
 
 
 
  递延所得税资产 
 
238,034,144.93 
226,161,435.15 
  其他非流动资产 
 
 
 
非流动资产合计 
 
37,421,439,897.63 
34,836,416,742.04 
资产总计 
 
43,205,941,545.59 
42,837,383,951.37 
后附财务报表附注为财务报表的组成部分。 
公司负责人：                                    主管会计工作负责人：                                     会计机构负责人： 
110

中国化学工程股份有限公司 
母公司资产负债表（续） 
2023 年12 月31 日 
（除特别注明外，金额单位均为人民币元） 
负债和所有者权益 
附注 
期末余额 
上年年末余额 
流动负债： 
 
 
 
  短期借款 
 
 
 
  交易性金融负债 
 
 
 
  衍生金融负债 
 
 
 
  应付票据 
 
 
 
  应付账款 
 
202,810,408.93 
497,554,124.05 
  预收款项 
 
 
 
  合同负债 
 
178,108,691.65 
819,975,286.05 
  应付职工薪酬 
 
8,473,460.18 
8,899,486.71 
  应交税费 
 
21,125,146.69 
25,969,122.53 
  其他应付款 
 
672,390,875.66 
582,116,530.48 
  持有待售负债 
 
 
 
  一年内到期的非流动负债 
 
 
 
  其他流动负债 
 
 
 
流动负债合计 
 
1,082,908,583.11 
1,934,514,549.82 
非流动负债： 
 
 
 
  长期借款 
 
1,480,344,224.67 
1,980,738,530.50 
  应付债券 
 
 
 
  其中：优先股 
 
 
 
        永续债 
 
 
 
  租赁负债 
 
 
 
  长期应付款 
 
294,442,267.91 
256,990,856.20 
  长期应付职工薪酬 
 
19,510,000.00 
24,000,000.00 
  预计负债 
 
 
 
  递延收益 
 
6,430,464.32 
7,420,464.32 
  递延所得税负债 
 
 
 
  其他非流动负债 
 
 
 
非流动负债合计 
 
1,800,726,956.90 
2,269,149,851.02 
负债合计 
 
2,883,635,540.01 
4,203,664,400.84 
所有者权益： 
 
 
 
  股本 
 
6,109,470,588.00 
6,109,470,588.00 
  其他权益工具 
 
 
 
  其中：优先股 
 
 
 
        永续债 
 
 
 
  资本公积 
 
16,066,486,615.77 
16,107,737,921.79 
  减：库存股 
 
510,035,214.57 
510,035,214.57 
  其他综合收益 
 
-26,125,000.00 
-28,875,000.00 
  专项储备 
 
573,393.03 
483,467.09 
  盈余公积 
 
2,706,598,260.64 
2,425,760,847.75 
  未分配利润 
 
15,975,337,362.71 
14,529,176,940.47 
所有者权益合计 
 
40,322,306,005.58 
38,633,719,550.53 
负债和所有者权益总计 
 
43,205,941,545.59 
42,837,383,951.37 
后附财务报表附注为财务报表的组成部分。 
公司负责人：                                    主管会计工作负责人：                                     会计机构负责人： 
111

中国化学工程股份有限公司 
合并利润表 
2023 年度 
（除特别注明外，金额单位均为人民币元） 
项目 
附注 
本期金额 
上期金额 
一、营业总收入 
五、（五十七） 
179,195,822,099.30 
158,437,111,623.40 
    其中：营业收入 
 
178,357,510,396.41 
157,716,226,323.22 
          利息收入 
五、（五十八） 
828,473,791.62 
715,048,569.81 
          已赚保费 
 
 
 
          手续费及佣金收入 
五、（五十九） 
9,837,911.27 
5,836,730.37 
二、营业总成本 
 
171,699,054,129.07 
151,755,190,532.14 
    其中：营业成本 
五、（五十七） 
161,574,866,436.49 
142,989,887,578.80 
          利息支出 
五、（五十八） 
103,412,709.01 
103,280,956.84 
          手续费及佣金支出 
五、（五十九） 
354,421.04 
485,668.70 
          退保金 
 
 
 
          赔付支出净额 
 
 
 
          提取保险责任准备金净额 
 
 
 
          保单红利支出 
 
 
 
          分保费用 
 
 
 
          税金及附加 
五、（六十） 
555,601,432.22 
517,316,293.78 
          销售费用 
五、（六十一） 
493,221,301.99 
444,796,399.70 
          管理费用 
五、（六十二） 
2,976,640,008.11 
2,602,910,347.29 
          研发费用 
 
6,163,573,775.86 
5,453,277,106.83 
          财务费用 
五、（六十三） 
-168,615,955.65 
-356,763,819.80 
          其中：利息费用 
 
364,048,796.93 
279,081,747.91 
                利息收入 
 
608,858,612.81 
348,129,052.50 
    加：其他收益 
五、（六十四） 
212,024,750.75 
190,911,043.72 
        投资收益（损失以“-”号填列） 
五、（六十五） 
-106,617,806.55 
-130,003,961.91 
        其中：对联营企业和合营企业的投资收益 
 
56,079,369.24 
-37,229,133.97 
              以摊余成本计量的金融资产终止确认收益 
 
-272,100,837.97 
-202,119,480.98 
        汇兑收益（损失以“-”号填列） 
 
1,957,788.89 
4,601,193.10 
        净敞口套期收益（损失以“-”号填列） 
 
 
 
        公允价值变动收益（损失以“-”号填列） 
五、（六十六） 
-207,771,417.94 
59,327,906.03 
        信用减值损失（损失以“-”号填列） 
五、（六十七） 
-599,552,907.30 
-236,459,431.13 
        资产减值损失（损失以“-”号填列） 
五、（六十八） 
12,327,937.16 
83,966,964.20 
        资产处置收益（损失以“-”号填列） 
五、（六十九） 
10,391,225.08 
2,972,309.76 
三、营业利润（亏损以“-”号填列） 
 
6,819,527,540.32 
6,657,237,115.03 
    加：营业外收入 
五、（七十） 
160,299,504.97 
94,513,178.31 
    减：营业外支出 
五、（七十一） 
74,341,126.80 
47,191,719.64 
四、利润总额（亏损总额以“-”号填列） 
 
6,905,485,918.49 
6,704,558,573.70 
    减：所得税费用 
五、（七十二） 
934,077,462.94 
926,605,812.48 
五、净利润（净亏损以“-”号填列） 
 
5,971,408,455.55 
5,777,952,761.22 
    （一）按经营持续性分类 
 
 
 
       1．持续经营净利润（净亏损以“-”号填列） 
 
5,971,408,455.55 
5,777,952,761.22 
       2．终止经营净利润（净亏损以“-”号填列） 
 
 
 
    （二）按所有权归属分类 
 
 
 
       1．归属于母公司股东的净利润（净亏损以“-”号填列） 
 
5,426,141,014.95 
5,415,214,018.50 
       2．少数股东损益（净亏损以“-”号填列） 
 
545,267,440.60 
362,738,742.72 
六、其他综合收益的税后净额 
 
46,982,222.56 
27,244,635.68 
    归属于母公司所有者的其他综合收益的税后净额 
 
44,033,326.20 
26,734,976.39 
    （一）不能重分类进损益的其他综合收益 
 
20,188,845.91 
16,471,878.88 
       1．重新计量设定受益计划变动额 
 
11,832,561.50 
-2,928,939.56 
       2．权益法下不能转损益的其他综合收益 
 
-402,178.68 
7,269,205.00 
       3．其他权益工具投资公允价值变动 
 
8,758,463.09 
12,131,613.44 
       4．企业自身信用风险公允价值变动 
 
 
 
    （二）将重分类进损益的其他综合收益 
 
23,844,480.29 
10,263,097.51 
       1．权益法下可转损益的其他综合收益 
 
 
 
       2．其他债权投资公允价值变动 
 
11,640,303.13 
-9,325,944.22 
       3．金融资产重分类计入其他综合收益的金额 
 
 
 
       4．其他债权投资信用减值准备 
 
 
 
       5．现金流量套期储备 
 
 
 
       6．外币财务报表折算差额 
 
12,204,177.16 
19,589,041.73 
       7．其他 
 
 
 
    归属于少数股东的其他综合收益的税后净额 
 
2,948,896.36 
509,659.29 
七、综合收益总额 
 
6,018,390,678.11  
5,805,197,396.90 
    归属于母公司所有者的综合收益总额 
 
5,470,174,341.15  
5,441,948,994.89 
    归属于少数股东的综合收益总额 
 
548,216,336.96  
363,248,402.01 
八、每股收益： 
 
 
 
    （一）基本每股收益（元/股） 
五、（七十三） 
0.89 
0.89 
    （二）稀释每股收益（元/股） 
五、（七十三） 
0.89 
0.89 
后附财务报表附注为财务报表的组成部分。 
公司负责人：                                    主管会计工作负责人：                                     会计机构负责人： 
 
112

中国化学工程股份有限公司 
母公司利润表 
2023 年度 
（除特别注明外，金额单位均为人民币元） 
项目 
附注 
本期金额 
上期金额 
一、营业收入 
十八、（四） 
1,425,229,317.11 
2,043,632,148.61 
    减：营业成本 
十八、（四） 
1,363,827,443.25 
1,946,621,821.30 
        税金及附加 
 
6,262,977.56 
7,365,109.17 
        销售费用 
 
 
 
        管理费用 
 
295,858,410.01 
234,664,114.48 
        研发费用 
 
187,839,128.67 
147,792,507.54 
        财务费用 
 
-223,244,805.31 
-137,851,550.78 
        其中：利息费用 
 
108,271,859.26 
102,813,171.09 
              利息收入 
 
321,586,061.72 
172,177,355.97 
    加：其他收益 
 
1,561,226.77 
1,919,100.44 
        投资收益（损失以“-”号填列） 
十八、（五） 
3,063,815,464.76 
5,255,469,808.40 
        其中：对联营企业和合营企业的投资收益 
 
1,178,945.35 
519,132.25 
               以摊余成本计量的金融资产终止确认
收益 
 
 
 
        净敞口套期收益（损失以“-”号填列） 
 
 
 
        公允价值变动收益（损失以“-”号填列） 
 
 
 
        信用减值损失（损失以“-”号填列） 
 
3,221,199.87 
-818,123.46 
        资产减值损失（损失以“-”号填列） 
 
-540,341.34 
36,687.17 
        资产处置收益（损失以“-”号填列） 
 
 
 
二、营业利润（亏损以“-”号填列） 
 
2,862,743,712.99 
5,101,647,619.45 
    加：营业外收入 
 
2,718,000.00 
1,510,452.67 
    减：营业外支出 
 
12,822,874.50 
12,491,712.67 
三、利润总额（亏损总额以“-”号填列） 
 
2,852,638,838.49 
5,090,666,359.45 
    减：所得税费用 
 
44,264,709.58 
396,398.12 
四、净利润（净亏损以“-”号填列） 
 
2,808,374,128.91 
5,090,269,961.33 
    （一）持续经营净利润（净亏损以“-”号填
列） 
 
2,808,374,128.91 
5,090,269,961.33 
    （二）终止经营净利润（净亏损以“-”号填
列） 
 
 
 
五、其他综合收益的税后净额 
 
2,750,000.00 
-970,000.00 
    （一）不能重分类进损益的其他综合收益 
 
2,750,000.00 
-970,000.00 
       1．重新计量设定受益计划变动额 
 
2,750,000.00 
-970,000.00 
       2．权益法下不能转损益的其他综合收益 
 
 
 
       3．其他权益工具投资公允价值变动 
 
 
 
       4．企业自身信用风险公允价值变动 
 
 
 
    （二）将重分类进损益的其他综合收益 
 
 
 
       1．权益法下可转损益的其他综合收益 
 
 
 
       2．其他债权投资公允价值变动 
 
 
 
       3．金融资产重分类计入其他综合收益的 
金额 
 
 
 
       4．其他债权投资信用减值准备 
 
 
 
       5．现金流量套期储备 
 
 
 
       6．外币财务报表折算差额 
 
 
 
       7．其他 
 
 
 
六、综合收益总额 
 
2,811,124,128.91 
5,089,299,961.33 
七、每股收益： 
 
 
 
    （一）基本每股收益（元/股） 
 
 
 
    （二）稀释每股收益（元/股） 
 
 
 
后附财务报表附注为财务报表的组成部分。 
公司负责人：                                    主管会计工作负责人：                                     会计机构负责人： 
113

中国化学工程股份有限公司 
合并现金流量表 
2023 年度 
（除特别注明外，金额单位均为人民币元） 
项目 
附注 
本期金额 
上期金额 
一、经营活动产生的现金流量 
 
 
 
    销售商品、提供劳务收到的现金 
 
159,012,389,372.00 
151,258,022,293.07 
    客户存款和同业存放款项净增加额 
 
1,048,754,259.61 
-4,028,310,546.60 
    向中央银行借款净增加额 
 
406,809,202.38 
73,351,851.85 
    向其他金融机构拆入资金净增加额 
 
 
 
    收到原保险合同保费取得的现金 
 
 
 
    收到再保业务现金净额 
 
 
 
    保户储金及投资款净增加额 
 
 
 
    收取利息、手续费及佣金的现金 
 
820,572,257.78 
667,751,871.40 
    拆入资金净增加额 
 
978,751,900.00 
-1,000,000,000.00 
    回购业务资金净增加额 
 
-500,000,000.00 
-1,400,000,000.00 
    代理买卖证券收到的现金净额 
 
 
 
    收到的税费返还 
 
182,799,657.62 
486,904,127.99 
    收到其他与经营活动有关的现金 
 
6,179,776,060.61 
5,870,681,703.78 
经营活动现金流入小计 
 
168,129,852,710.00 
151,928,401,301.49 
    购买商品、接受劳务支付的现金 
 
138,731,392,318.05 
130,816,734,779.84 
    客户贷款及垫款净增加额 
 
-2,755,782,055.49 
-2,786,734,696.74 
    存放中央银行和同业款项净增加额 
 
-68,797,621.98 
-180,128,887.73 
    支付原保险合同赔付款项的现金 
 
 
 
    拆出资金净增加额 
 
 
 
    支付利息、手续费及佣金的现金 
 
99,345,930.58 
104,079,443.74 
    支付保单红利的现金 
 
 
 
    支付给职工以及为职工支付的现金 
 
10,422,448,346.55 
9,940,251,310.97 
    支付的各项税费 
 
4,425,108,027.39 
4,934,018,664.12 
    支付其他与经营活动有关的现金 
 
8,142,121,875.16 
7,600,573,484.53 
经营活动现金流出小计 
 
 158,995,836,820.26  
150,428,794,098.73 
经营活动产生的现金流量净额 
 
 9,134,015,889.74  
1,499,607,202.76 
二、投资活动产生的现金流量 
 
 
 
    收回投资收到的现金 
 
3,857,167,432.74 
824,740,940.26 
    取得投资收益收到的现金 
 
206,860,710.25 
49,342,603.39 
    处置固定资产、无形资产和其他长期资产收回的现金净额 
 
13,868,528.11 
11,721,187.57 
    处置子公司及其他营业单位收到的现金净额 
 
 
-54,059,839.71 
    收到其他与投资活动有关的现金 
 
6,771,382.96 
6,455,287.31 
投资活动现金流入小计 
 
4,084,668,054.06 
838,200,178.82 
    购建固定资产、无形资产和其他长期资产支付的现金 
 
3,334,353,239.24 
3,041,418,343.48 
    投资支付的现金 
 
3,759,172,685.48 
3,409,364,220.21 
    质押贷款净增加额 
 
 
 
    取得子公司及其他营业单位支付的现金净额 
 
221,547,940.58 
68,354,921.75 
    支付其他与投资活动有关的现金 
 
134,521,179.06 
 
投资活动现金流出小计 
 
7,449,595,044.36 
6,519,137,485.44 
投资活动产生的现金流量净额 
 
-3,364,926,990.30 
-5,680,937,306.62 
三、筹资活动产生的现金流量 
 
 
 
    吸收投资收到的现金 
 
461,160,000.00 
2,786,577,461.54 
    其中：子公司吸收少数股东投资收到的现金 
 
461,160,000.00 
2,086,577,461.54 
    取得借款收到的现金 
 
4,872,817,846.10 
2,408,806,000.00 
    收到其他与筹资活动有关的现金 
 
44,418,716.58 
312,348,541.22 
筹资活动现金流入小计 
 
5,378,396,562.68 
5,507,732,002.76 
    偿还债务支付的现金 
 
2,136,571,528.97 
3,590,317,401.87 
    分配股利、利润或偿付利息支付的现金 
 
1,877,310,748.15 
1,413,081,180.78 
    其中：子公司支付给少数股东的股利、利润 
 
52,091,252.93 
53,141,255.85 
    支付其他与筹资活动有关的现金 
 
59,349,188.00 
1,343,204,107.75 
筹资活动现金流出小计 
 
 4,073,231,465.12  
6,346,602,690.40 
筹资活动产生的现金流量净额 
 
 1,305,165,097.56  
-838,870,687.64 
四、汇率变动对现金及现金等价物的影响 
 
45,232,875.22 
253,494,042.75 
五、现金及现金等价物净增加额 
 
7,119,486,872.22 
-4,766,706,748.75 
    加：期初现金及现金等价物余额 
 
36,084,889,453.65 
40,851,596,202.40 
六、期末现金及现金等价物余额 
 
43,204,376,325.87 
36,084,889,453.65 
后附财务报表附注为财务报表的组成部分。 
公司负责人：                                    主管会计工作负责人：                                     会计机构负责人： 
114

中国化学工程股份有限公司 
母公司现金流量表 
2023 年度 
（除特别注明外，金额单位均为人民币元） 
项目 
附注 
本期金额 
上期金额 
一、经营活动产生的现金流量 
 
 
 
    销售商品、提供劳务收到的现金 
 
1,446,665,996.68 
1,520,450,100.90 
    收到的税费返还 
 
26,869,158.73 
88,593,780.41 
    收到其他与经营活动有关的现金 
 
1,495,423,868.18 
632,914,436.52 
经营活动现金流入小计 
 
2,968,959,023.59 
2,241,958,317.83 
    购买商品、接受劳务支付的现金 
 
1,313,807,901.26 
2,377,851,707.75 
    支付给职工以及为职工支付的现金 
 
160,743,218.44 
110,516,948.95 
    支付的各项税费 
 
10,731,476.57 
30,819,407.54 
    支付其他与经营活动有关的现金 
 
1,467,353,967.12 
1,322,307,331.23 
经营活动现金流出小计 
 
2,952,636,563.39 
3,841,495,395.47 
经营活动产生的现金流量净额 
 
16,322,460.20 
-1,599,537,077.64 
二、投资活动产生的现金流量 
 
 
 
    收回投资收到的现金 
 
 
6,160,000.00 
    取得投资收益收到的现金 
 
2,979,340,526.36 
5,106,752,655.96 
    处置固定资产、无形资产和其他长期资产收回
的现金净额 
 
 
 
    处置子公司及其他营业单位收到的现金净额 
 
 
 
    收到其他与投资活动有关的现金 
 
 
 
投资活动现金流入小计 
 
2,979,340,526.36 
5,112,912,655.96 
    购建固定资产、无形资产和其他长期资产支付
的现金 
 
9,821,577.21 
1,576,282.90 
    投资支付的现金 
 
3,315,018,900.00 
3,252,100,000.00 
    取得子公司及其他营业单位支付的现金净额 
 
 
50,000,000.00 
    支付其他与投资活动有关的现金 
 
 
 
投资活动现金流出小计 
 
3,324,840,477.21 
3,303,676,282.90 
投资活动产生的现金流量净额 
 
-345,499,950.85 
1,809,236,373.06 
三、筹资活动产生的现金流量 
 
 
 
    吸收投资收到的现金 
 
 
 
    取得借款收到的现金 
 
 
678,709,623.54 
    收到其他与筹资活动有关的现金 
 
913,321.22 
319,756,270.43 
筹资活动现金流入小计 
 
913,321.22 
998,465,893.97 
    偿还债务支付的现金 
 
536,346,110.98 
950,386,029.42 
    分配股利、利润或偿付利息支付的现金 
 
1,202,868,770.48 
985,973,631.13 
    支付其他与筹资活动有关的现金 
 
619,461.93 
510,035,214.57 
筹资活动现金流出小计 
 
1,739,834,343.39 
2,446,394,875.12 
筹资活动产生的现金流量净额 
 
-1,738,921,022.17 
-1,447,928,981.15 
四、汇率变动对现金及现金等价物的影响 
 
-8,218,273.27 
67,187,734.03 
五、现金及现金等价物净增加额 
 
-2,076,316,786.09 
-1,171,041,951.70 
    加：期初现金及现金等价物余额 
 
5,427,131,289.18 
6,598,173,240.88 
六、期末现金及现金等价物余额 
 
3,350,814,503.09 
5,427,131,289.18 
后附财务报表附注为财务报表的组成部分。 
公司负责人：                                    主管会计工作负责人：                                     会计机构负责人：
115
