 
72 / 208 
 
我们还就已遵守与独立性相关的职业道德要求向治理层提供声明，并与治理层
沟通可能被合理认为影响我们独立性的所有关系和其他事项，以及相关的防范措施
(如适用)。 
从与治理层沟通过的事项中，我们确定哪些事项对本期财务报表审计最为重
要，因而构成关键审计事项。我们在审计报告中描述这些事项，除非法律法规禁止
公开披露这些事项，或在极少数情形下，如果合理预期在审计报告中沟通某事项造
成的负面后果超过在公众利益方面产生的益处，我们确定不应在审计报告中沟通该
事项。 
 
 
 
中汇会计师事务所(特殊普通合伙)       中国注册会计师：刘元锁 
                                     (项目合伙人) 
 
中国·杭州                  中国注册会计师：路春霞 
 
                                         报告日期：2024 年 4 月 28 日 
 
 
二、 财务报表 
合并资产负债表 
2023年12月31日 
编制单位: 山东博汇纸业股份有限公司 
单位:元  币种:人民币 
项目 附注 2023年12月 31日 2022 年12月31 日 
流动资产： 
货币资金  3,427,160,483.71 2,456,092,786.39 
结算备付金    
拆出资金    
交易性金融资产  36,860,647.15 40,955,946.08 
衍生金融资产   0.00 
应收票据    
应收账款  1,046,659,232.24 849,421,160.64 
应收款项融资  549,782,199.88 381,058,208.19 
预付款项  267,536,883.45 216,400,918.25 
应收保费    
应收分保账款    
应收分保合同准备金    
其他应收款  143,357,373.97 289,484,670.71 
其中：应收利息    
应收股利    
买入返售金融资产    
存货  2,495,825,895.30 3,728,042,853.21 
合同资产    
持有待售资产    
 
73 / 208 
 
一年内到期的非流动资产    
其他流动资产  317,273,043.58 673,097,577.21 
流动资产合计  8,284,455,759.28 8,634,554,120.68 
非流动资产： 
发放贷款和垫款    
债权投资    
其他债权投资    
长期应收款    
长期股权投资    
其他权益工具投资    
其他非流动金融资产    
投资性房地产  168,444,107.81 169,627,340.62 
固定资产  10,874,626,517.16 10,059,280,731.90 
在建工程  2,059,400,141.31 3,001,037,463.68 
生产性生物资产    
油气资产    
使用权资产  13,936,921.13 0.00 
无形资产  323,885,756.63 313,502,328.32 
开发支出    
商誉    
长期待摊费用  11,689,479.08 7,779,802.73 
递延所得税资产  298,987,323.32 302,881,341.77 
其他非流动资产  140,256,859.01 289,925,367.53 
非流动资产合计  13,891,227,105.45 14,144,034,376.55 
资产总计  22,175,682,864.73 22,778,588,497.23 
流动负债： 
短期借款  4,828,980,751.36 4,899,250,569.43 
向中央银行借款    
拆入资金    
交易性金融负债    
衍生金融负债  1,197,340.00  
应付票据  2,554,354,221.14 2,609,219,415.44 
应付账款  2,943,929,271.62 3,629,730,540.52 
预收款项    
合同负债  548,507,263.37 543,920,358.72 
卖出回购金融资产款    
吸收存款及同业存放    
代理买卖证券款    
代理承销证券款    
应付职工薪酬  135,745,866.58 118,684,239.40 
应交税费  27,842,147.82 78,976,441.19 
其他应付款  96,134,344.19 33,998,310.87 
其中：应付利息    
应付股利    
应付手续费及佣金    
应付分保账款    
持有待售负债    
一年内到期的非流动负债  1,513,199,385.51 1,156,936,007.68 
 
74 / 208 
 
其他流动负债  65,701,627.58 65,765,095.02 
流动负债合计  12,715,592,219.17 13,136,480,978.27 
非流动负债： 
保险合同准备金    
长期借款  1,754,324,293.67 2,214,132,147.92 
应付债券    
其中：优先股    
永续债    
租赁负债  10,484,979.04  
长期应付款  847,399,408.44 779,676,075.81 
长期应付职工薪酬    
预计负债    
递延收益  40,567,430.14 24,049,915.34 
递延所得税负债  138,590,639.14 106,167,315.89 
其他非流动负债    
非流动负债合计  2,791,366,750.43 3,124,025,454.96 
负债合计  15,506,958,969.60 16,260,506,433.23 
所有者权益（或股东权益）： 
实收资本（或股本）  1,336,844,288.00 1,336,844,288.00 
其他权益工具    
其中：优先股    
永续债    
资本公积  1,333,081,291.92 1,333,081,291.92 
减：库存股  1,000,300,688.62 1,000,300,688.62 
其他综合收益    -4,367,323.05 4,018,617.54 
专项储备    
盈余公积  402,634,095.61 272,328,684.69 
一般风险准备    
未分配利润  4,600,832,231.27 4,572,109,870.47 
归属于母公司所有者权益（或股东权
益）合计 
 6,668,723,895.13 6,518,082,064.00 
少数股东权益    
所有者权益（或股东权益）合计  6,668,723,895.13 6,518,082,064.00 
负债和所有者权益（或股东权
益）总计 
 22,175,682,864.73 22,778,588,497.23 
 
公司负责人：林新阳 主管会计工作负责人：魏同秋 会计机构负责人：岳齐刚 
 
母公司资产负债表 
2023年12月31日 
编制单位:山东博汇纸业股份有限公司  
单位:元  币种:人民币 
项目 附注 2023年12月 31日 2022 年12月31 日 
流动资产： 
货币资金  2,082,375,963.05 1,346,271,255.03 
交易性金融资产    
衍生金融资产    
应收票据    
 
75 / 208 
 
应收账款  1,151,976,100.67 812,756,733.31 
应收款项融资  439,166,037.79 184,812,562.21 
预付款项  117,446,331.55 116,034,834.13 
其他应收款  710,025,337.85 503,682,494.63 
其中：应收利息    
应收股利    
存货  1,279,461,073.19 1,884,605,938.39 
合同资产    
持有待售资产    
一年内到期的非流动资产    
其他流动资产  68,770,664.71 64,861,309.69 
流动资产合计  5,849,221,508.81 4,913,025,127.39 
非流动资产： 
债权投资    
其他债权投资    
长期应收款    
长期股权投资  2,916,118,331.56 2,916,118,331.56 
其他权益工具投资    
其他非流动金融资产    
投资性房地产    
固定资产  3,771,118,101.70 4,629,400,279.88 
在建工程  1,094,625,237.38 467,012,671.98 
生产性生物资产    
油气资产    
使用权资产  13,936,921.13  
无形资产  124,079,531.81 131,079,735.94 
开发支出    
商誉    
长期待摊费用  4,476,296.86 4,080,887.28 
递延所得税资产  159,208,018.70 177,653,182.11 
其他非流动资产  32,477,805.91 67,973,001.68 
非流动资产合计  8,116,040,245.05 8,393,318,090.43 
资产总计  13,965,261,753.86 13,306,343,217.82 
流动负债： 
短期借款  1,142,471,094.84 1,744,103,170.53 
交易性金融负债    
衍生金融负债    
应付票据  3,373,591,361.58 2,498,874,988.60 
应付账款  1,591,633,523.71 2,322,917,424.41 
预收款项    
合同负债  279,162,948.23 286,420,394.47 
应付职工薪酬  77,048,903.01 76,464,778.55 
应交税费  16,666,430.09 7,858,347.82 
其他应付款  1,704,214,331.58 2,070,043,040.51 
其中：应付利息    
应付股利    
持有待售负债    
一年内到期的非流动负债  754,210,371.16 476,015,737.05 
 
76 / 208 
 
其他流动负债  36,291,183.27 37,234,651.29 
流动负债合计  8,975,290,147.47 9,519,932,533.23 
非流动负债： 
长期借款  913,686,601.48 805,570,037.23 
应付债券    
其中：优先股    
永续债    
租赁负债  10,484,979.04  
长期应付款  322,213,436.86 518,869,985.82 
长期应付职工薪酬    
预计负债    
递延收益  6,896,120.90 7,596,580.10 
递延所得税负债  28,201,005.85 26,131,896.36 
其他非流动负债    
非流动负债合计  1,281,482,144.13 1,358,168,499.51 
负债合计  10,256,772,291.60 10,878,101,032.74 
所有者权益（或股东权益）： 
实收资本（或股本）  1,336,844,288.00 1,336,844,288.00 
其他权益工具    
其中：优先股    
永续债    
资本公积  1,320,484,581.61 1,320,484,581.61 
减：库存股  1,000,300,688.62 1,000,300,688.62 
其他综合收益  371.79 371.79 
专项储备    
盈余公积  402,634,095.61 272,328,684.69 
未分配利润  1,648,826,813.87 498,884,947.61 
所有者权益（或股东权益）合计  3,708,489,462.26 2,428,242,185.08 
负债和所有者权益（或股东权
益）总计 
 13,965,261,753.86 13,306,343,217.82 
 
公司负责人：林新阳 主管会计工作负责人：魏同秋 会计机构负责人：岳齐刚 
 
合并利润表 
2023年1—12月 
单位:元  币种:人民币 
项目 附注 2023年度 2022年度 
一、营业总收入  18,693,063,058.22 18,361,782,824.94 
其中：营业收入  18,693,063,058.22 18,361,782,824.94 
利息收入    
已赚保费    
手续费及佣金收入    
二、营业总成本  18,639,225,316.02 18,052,904,281.09 
其中：营业成本  16,668,286,566.09 16,222,738,253.47 
利息支出    
手续费及佣金支出    
退保金    
赔付支出净额    
 
77 / 208 
 
提取保险责任准备金净额    
保单红利支出    
分保费用    
税金及附加  68,235,020.80 85,800,057.62 
销售费用  180,093,839.38 124,988,724.98 
管理费用  557,550,088.35 555,742,003.01 
研发费用  718,417,199.92 742,862,746.40 
财务费用  446,642,601.48 320,772,495.61 
其中：利息费用  362,320,968.23 347,514,195.85 
利息收入  31,593,432.02 37,410,605.61 
加：其他收益  200,717,775.10 6,999,722.58 
投资收益（损失以“－”号填列）  -28,681,570.64 -53,735,596.53 
其中：对联营企业和合营企业的投
资收益 
   
以摊余成本计量的金融资产终
止确认收益 
   
汇兑收益（损失以“－”号填列）    
净敞口套期收益（损失以“-”号填
列） 
   
公允价值变动收益（损失以“－”
号填列） 
 -1,196,748.21 -10,672,192.21 
信用减值损失（损失以“-”号填
列） 
 -6,588,658.77 -11,816,214.93 
资产减值损失（损失以“-”号填
列） 
 -6,146,900.76 -27,571,286.69 
资产处置收益（损失以“－”号填
列） 
 43,469,444.58 17,163,089.71 
三、营业利润（亏损以“－”号填列）  255,411,083.50 229,246,065.78 
加：营业外收入  26,503,757.70 22,505,491.07 
减：营业外支出  62,685,901.92 26,399,778.34 
四、利润总额（亏损总额以“－”号填
列） 
 219,228,939.28 225,351,778.51 
减：所得税费用  37,394,335.56 -2,720,109.22 
五、净利润（净亏损以“－”号填列）  181,834,603.72 228,071,887.73 
（一）按经营持续性分类 
1.持续经营净利润（净亏损以“－”
号填列） 
 181,834,603.72 228,071,887.73 
2.终止经营净利润（净亏损以“－”
号填列） 
   
（二）按所有权归属分类 
1.归属于母公司股东的净利润（净亏
损以“-”号填列） 
 181,834,603.72 228,071,887.73 
2.少数股东损益（净亏损以“-”号填
列） 
   
六、其他综合收益的税后净额  -8,385,940.59 5,928,014.44 
（一）归属母公司所有者的其他综合收
益的税后净额 
 -8,385,940.59 5,928,014.44 
1．不能重分类进损益的其他综合收益   210,704.26 
（1）重新计量设定受益计划变动额    
 
78 / 208 
 
（2）权益法下不能转损益的其他综合收
益 
   
（3）其他权益工具投资公允价值变动   210,704.26 
（4）企业自身信用风险公允价值变动    
2．将重分类进损益的其他综合收益  -8,385,940.59 5,717,310.18 
（1）权益法下可转损益的其他综合收益    
（2）其他债权投资公允价值变动    
（3）金融资产重分类计入其他综合收益
的金额 
   
（4）其他债权投资信用减值准备    
（5）现金流量套期储备  -898,005.00  
（6）外币财务报表折算差额  -7,487,935.59 5,717,310.18 
（7）其他    
（二）归属于少数股东的其他综合收益
的税后净额 
   
七、综合收益总额  173,448,663.13 233,999,902.17 
（一）归属于母公司所有者的综合收益
总额 
 173,448,663.13 233,999,902.17 
（二）归属于少数股东的综合收益总额    
八、每股收益： 
（一）基本每股收益(元/股)  0.1470 0.1767 
（二）稀释每股收益(元/股)  0.1470 0.1767 
本期发生同一控制下企业合并的，被合并方在合并前实现的净利润为：0 元, 上期被合并方实现
的净利润为： 0 元。 
公司负责人：林新阳 主管会计工作负责人：魏同秋 会计机构负责人：岳齐刚 
 
母公司利润表 
2023年1—12月 
单位:元  币种:人民币 
项目 附注 2023年度 2022年度 
一、营业收入  9,615,070,359.71 8,499,424,103.90 
减：营业成本  8,717,664,495.83 7,725,952,226.67 
税金及附加  26,505,034.96 18,033,826.90 
销售费用  113,457,078.05 79,276,819.42 
管理费用  273,980,522.11 308,330,726.92 
研发费用  361,510,877.57 296,774,335.04 
财务费用  196,313,800.12 119,828,832.00 
其中：利息费用  181,884,182.29 153,013,814.16 
利息收入  19,318,194.50 24,472,537.09 
加：其他收益  93,540,700.37 1,495,874.64 
投资收益（损失以“－”号填列）  1,271,952,953.32 482,292,252.92 
其中：对联营企业和合营企业的投资
收益 
   
以摊余成本计量的金融资产终
止确认收益 
   
净敞口套期收益（损失以“-”号填
列） 
   
公允价值变动收益（损失以“－”号
填列） 
   
 
79 / 208 
 
信用减值损失（损失以“-”号填
列） 
 -19,495,006.61 -20,114,708.45 
资产减值损失（损失以“-”号填
列） 
 -6,146,900.76 -22,314,561.53 
资产处置收益（损失以“－”号填
列） 
 43,164,517.56 17,894,509.56 
二、营业利润（亏损以“－”号填列）  1,308,654,814.95 410,480,704.09 
加：营业外收入  19,304,461.66 12,354,225.01 
减：营业外支出  4,390,894.53 12,743,278.92 
三、利润总额（亏损总额以“－”号填列）  1,323,568,382.08 410,091,650.18 
减：所得税费用  20,514,272.90 34,765,337.05 
四、净利润（净亏损以“－”号填列）  1,303,054,109.18 375,326,313.13 
（一）持续经营净利润（净亏损以“－”
号填列） 
 1,303,054,109.18 375,326,313.13 
（二）终止经营净利润（净亏损以“－”
号填列） 
   
五、其他综合收益的税后净额   210,704.26 
（一）不能重分类进损益的其他综合收益   210,704.26 
1.重新计量设定受益计划变动额    
2.权益法下不能转损益的其他综合收益    
3.其他权益工具投资公允价值变动   210,704.26 
4.企业自身信用风险公允价值变动    
（二）将重分类进损益的其他综合收益    
1.权益法下可转损益的其他综合收益    
2.其他债权投资公允价值变动    
3.金融资产重分类计入其他综合收益的
金额 
   
4.其他债权投资信用减值准备    
5.现金流量套期储备    
6.外币财务报表折算差额    
7.其他    
六、综合收益总额  1,303,054,109.18 375,537,017.39 
七、每股收益： 
（一）基本每股收益(元/股)    
（二）稀释每股收益(元/股)    
 
公司负责人：林新阳 主管会计工作负责人：魏同秋 会计机构负责人：岳齐刚 
 
合并现金流量表 
2023年1—12月 
单位：元  币种：人民币 
项目 附注 2023年度 2022年度 
一、经营活动产生的现金流量： 
销售商品、提供劳务收到的现金  16,625,565,406.54 18,110,326,262.39 
客户存款和同业存放款项净增加额    
向中央银行借款净增加额    
向其他金融机构拆入资金净增加额    
收到原保险合同保费取得的现金    
收到再保业务现金净额    
 
80 / 208 
 
保户储金及投资款净增加额    
收取利息、手续费及佣金的现金    
拆入资金净增加额    
回购业务资金净增加额    
代理买卖证券收到的现金净额    
收到的税费返还  275,570,387.70 9,203,325.31 
收到其他与经营活动有关的现金  374,310,101.51 181,861,037.06 
经营活动现金流入小计  17,275,445,895.75 18,301,390,624.76 
购买商品、接受劳务支付的现金  13,209,485,123.93 14,990,699,679.71 
客户贷款及垫款净增加额    
存放中央银行和同业款项净增加额    
支付原保险合同赔付款项的现金    
拆出资金净增加额    
支付利息、手续费及佣金的现金    
支付保单红利的现金    
支付给职工及为职工支付的现金  860,882,763.76 819,239,498.80 
支付的各项税费  241,999,376.93 1,286,354,658.88 
支付其他与经营活动有关的现金  844,482,950.92 1,025,152,529.79 
经营活动现金流出小计  15,156,850,215.54 18,121,446,367.18 
经营活动产生的现金流量净额  2,118,595,680.21 179,944,257.58 
二、投资活动产生的现金流量： 
收回投资收到的现金  2,898,550.72 38,981,785.33 
取得投资收益收到的现金   3,776,183.77 
处置固定资产、无形资产和其他长期资
产收回的现金净额 
 265,672,337.76 1,462.39 
处置子公司及其他营业单位收到的现金
净额 
   
收到其他与投资活动有关的现金    
投资活动现金流入小计  268,570,888.48 42,759,431.49 
购建固定资产、无形资产和其他长期资
产支付的现金 
 540,999,787.58 1,500,625,031.79 
投资支付的现金    
质押贷款净增加额    
取得子公司及其他营业单位支付的现金
净额 
   
支付其他与投资活动有关的现金    
投资活动现金流出小计  540,999,787.58 1,500,625,031.79 
投资活动产生的现金流量净额  -272,428,899.10 -1,457,865,600.30 
三、筹资活动产生的现金流量： 
吸收投资收到的现金    
其中：子公司吸收少数股东投资收到的
现金 
   
取得借款收到的现金  6,921,271,857.16 9,006,542,241.63 
收到其他与筹资活动有关的现金  4,513,285,933.82 6,528,568,402.90 
筹资活动现金流入小计  11,434,557,790.98 15,535,110,644.53 
偿还债务支付的现金  7,316,563,025.89 7,127,499,913.86 
分配股利、利润或偿付利息支付的现金  406,473,861.73 821,325,338.84 
其中：子公司支付给少数股东的股利、
利润 
   
 
81 / 208 
 
支付其他与筹资活动有关的现金  4,991,989,525.08 6,396,915,303.75 
筹资活动现金流出小计  12,715,026,412.70 14,345,740,556.45 
筹资活动产生的现金流量净额  -1,280,468,621.72 1,189,370,088.08 
四、汇率变动对现金及现金等价物的影响  -4,985,782.55 23,949,917.43 
五、现金及现金等价物净增加额  560,712,376.84 -64,601,337.21 
加：期初现金及现金等价物余额  530,195,914.99 594,797,252.20 
六、期末现金及现金等价物余额  1,090,908,291.83 530,195,914.99 
 
公司负责人：林新阳 主管会计工作负责人：魏同秋 会计机构负责人：岳齐刚 
 
 
母公司现金流量表 
2023年1—12月 
单位:元  币种:人民币 
项目 附注 2023年度 2022年度 
一、经营活动产生的现金流量： 
销售商品、提供劳务收到的现金  7,676,761,934.21 7,067,854,170.66 
收到的税费返还   204,302.56 
收到其他与经营活动有关的现金  115,845,026.95 44,230,402.05 
经营活动现金流入小计  7,792,606,961.16 7,112,288,875.27 
购买商品、接受劳务支付的现金  6,073,142,891.57 6,360,632,942.85 
支付给职工及为职工支付的现金  464,429,263.40 470,482,583.71 
支付的各项税费  111,402,270.36 40,350,527.15 
支付其他与经营活动有关的现金  386,615,506.35 327,308,750.98 
经营活动现金流出小计  7,035,589,931.68 7,198,774,804.69 
经营活动产生的现金流量净额  757,017,029.48 -86,485,929.42 
二、投资活动产生的现金流量： 
收回投资收到的现金   1,000,000.00 
取得投资收益收到的现金   877,633.05 
处置固定资产、无形资产和其他长期
资产收回的现金净额 
 265,218,713.38 1,462.39 
处置子公司及其他营业单位收到的现
金净额 
   
收到其他与投资活动有关的现金    
投资活动现金流入小计  265,218,713.38 1,879,095.44 
购建固定资产、无形资产和其他长期
资产支付的现金 
 104,372,113.68 519,238,621.46 
投资支付的现金   8,264,710.00 
取得子公司及其他营业单位支付的现
金净额 
   
支付其他与投资活动有关的现金    
投资活动现金流出小计  104,372,113.68 527,503,331.46 
投资活动产生的现金流量净额  160,846,599.70 -525,624,236.02 
三、筹资活动产生的现金流量： 
吸收投资收到的现金    
取得借款收到的现金  2,141,770,000.00 4,264,570,969.71 
收到其他与筹资活动有关的现金  10,026,224,860.93 11,832,808,387.32 
筹资活动现金流入小计  12,167,994,860.93 16,097,379,357.03 
偿还债务支付的现金  2,550,569,942.19 4,492,762,793.18 
 
82 / 208 
 
分配股利、利润或偿付利息支付的现
金 
 208,425,594.73 509,449,967.13 
支付其他与筹资活动有关的现金  10,000,264,085.52 10,404,203,967.91 
筹资活动现金流出小计  12,759,259,622.44 15,406,416,728.22 
筹资活动产生的现金流量净额  -591,264,761.51 690,962,628.81 
四、汇率变动对现金及现金等价物的影
响 
   
五、现金及现金等价物净增加额  326,598,867.67 78,852,463.37 
加：期初现金及现金等价物余额  162,385,123.04 83,532,659.67 
六、期末现金及现金等价物余额  488,983,990.71 162,385,123.04 
 
公司负责人：林新阳 主管会计工作负责人：魏同秋 会计机构负责人：岳齐刚 
 