2023 年年度报告 
101/ 259 
 
二、 财务报表 
合并资产负债表 
2023年12月31日 
编制单位: 贵州三力制药股份有限公司 
单位:元  币种:人民币 
项目 附注 2023 年 12 月31日 2022 年12 月31日 
流动资产： 
货币资金 注释 1 571,372,247.89 570,883,770.14 
交易性金融资产 注释 2 51,500,000.00 59,909,087.64 
衍生金融资产    
应收票据 注释 4 31,095,435.74 16,213,001.32 
应收账款 注释 5 546,266,433.92 362,562,960.89 
应收款项融资 注释 7 105,495,357.78 54,047,261.12 
预付款项 注释 8 6,465,103.37 6,735,728.00 
其他应收款 注释 9 3,322,144.46 2,182,097.72 
其中：应收利息  795,888.89  
应收股利    
存货 注释 10 175,724,948.92 98,076,042.80 
合同资产    
持有待售资产    
一年内到期的非流动资产    
其他流动资产 注释 13 2,229,400.46 1,448,142.83 
流动资产合计  1,493,471,072.54 1,172,058,092.4 
非流动资产： 
债权投资    
其他债权投资    
长期应收款    
长期股权投资 注释 17 79,548.00 129,769,421.35 
其他权益工具投资 注释 18 10,000,000.00  
其他非流动金融资产    
投资性房地产    
固定资产 注释 21 614,774,196.66 188,148,585.63 
在建工程 注释 22 35,398.23 48,593,884.90 
生产性生物资产    
油气资产    
使用权资产 注释 25 315,890.85 661,890.38 
无形资产 注释 26 235,228,628.13 107,297,686.77 
开发支出    
商誉 注释 27 554,606,134.60 161,658,316.25 
长期待摊费用 注释 28 856,269.16 1,537,035.14 
递延所得税资产 注释 29 11,083,969.36 6,894,507.57 
其他非流动资产    
非流动资产合计  1,426,980,034.99 644,561,327.99  
资产总计  2,920,451,107.53 1,816,619,420.45  
流动负债： 
短期借款 注释 32 255,324,036.80 205,000,000.00 
交易性金融负债    
衍生金融负债    
2023 年年度报告 
102/ 259 
 
应付票据    
应付账款 注释 36 294,704,508.77 178,353,528.79 
预收款项    
合同负债 注释 38 8,167,066.24 78,963,887.21 
应付职工薪酬 注释 39 7,636,177.91 4,273,277.05 
应交税费 注释 40 50,973,062.53 37,202,904.61 
其他应付款 注释 41 164,986,551.63 34,460,979.86 
其中：应付利息    
应付股利  350.00 250.00 
持有待售负债    
一年内到期的非流动负债 注释 43 45,375,172.09 498,975.46 
其他流动负债 注释 44 11,843,640.02 9,928,997.69 
流动负债合计  839,010,215.99 548,682,550.67 
非流动负债： 
长期借款 注释 45 254,150,000.00  
应付债券    
其中：优先股    
永续债    
租赁负债 注释 47 167,656.10 169,829.74 
长期应付款 注释 48 9,084,966.00 10,097,570.84 
长期应付职工薪酬    
预计负债    
递延收益 注释 51 35,971,462.37 12,503,458.55  
递延所得税负债 注释 29 28,877,643.13 6,944,802.18  
其他非流动负债 注释 52 43,835,753.58   
非流动负债合计  372,087,481.18   29,715,661.31  
负债合计  1,211,097,697.17 578,398,211.98  
所有者权益（或股东权益）： 
实收资本（或股本） 注释 53 409,862,216.00 410,862,216.00 
其他权益工具    
其中：优先股    
永续债    
资本公积 注释 55 225,123,807.28 229,693,439.55 
减：库存股 注释 56 41,429,610.92 26,550,000.00 
其他综合收益    
专项储备    
盈余公积 注释 59 113,010,801.09 91,830,230.49 
一般风险准备    
未分配利润 注释 60 763,743,959.06 533,207,881.92 
归属于母公司所有者权益
（或股东权益）合计 
 1,470,311,172.51 1,239,043,767.96  
少数股东权益  239,042,237.85 -822,559.49 
所有者权益（或股东权
益）合计 
 1,709,353,410.36 1,238,221,208.47  
负债和所有者权益
（或股东权益）总计 
 2,920,451,107.53 1,816,619,420.45  
 
公司负责人：张海        主管会计工作负责人：张海          会计机构负责人：张红玉 
2023 年年度报告 
103/ 259 
 
 
母公司资产负债表 
2023年12月31日 
编制单位:贵州三力制药股份有限公司  
单位:元  币种:人民币 
项目 附注 2023 年 12 月31日 2022 年12 月31日 
流动资产： 
货币资金  269,086,008.94 520,150,956.05 
交易性金融资产   59,909,087.64 
衍生金融资产    
应收票据  16,194,133.32 16,006,620.82 
应收账款 注释 1 310,152,026.48 327,439,896.52 
应收款项融资  59,510,181.14 54,047,261.12 
预付款项  362,592.09 4,725,300.39 
其他应收款 注释 2 3,558,598.92 28,732,235.45 
其中：应收利息    
应收股利    
存货  103,957,880.64 74,582,919.80 
合同资产    
持有待售资产    
一年内到期的非流动资产  3,765,883.61  
其他流动资产   1,044,716.19 
流动资产合计  766,587,305.14 1,086,638,993.98  
非流动资产： 
债权投资    
其他债权投资    
长期应收款  41,018,938.55  
长期股权投资 注释 3 1,101,491,485.59 474,556,705.10 
其他权益工具投资  10,000,000.00  
其他非流动金融资产    
投资性房地产    
固定资产  318,738,883.76 140,823,636.89 
在建工程   48,593,884.90 
生产性生物资产    
油气资产    
使用权资产  99,087.90 504,287.46 
无形资产  16,735,864.63 74,467,765.71 
开发支出    
商誉    
长期待摊费用    
递延所得税资产  11,161,615.55 5,562,674.03 
其他非流动资产    
非流动资产合计  1,499,245,875.98 744,508,954.09  
资产总计  2,265,833,181.12 1,831,147,948.07  
流动负债： 
短期借款  205,262,647.91 205,000,000.00 
交易性金融负债    
衍生金融负债  16,996,904.41  
2023 年年度报告 
104/ 259 
 
应付票据    
应付账款  249,884,915.16 170,068,215.59 
预收款项    
合同负债  4,496,065.75 76,329,223.90 
应付职工薪酬  3,458,926.81 3,541,241.51 
应交税费  31,168,724.62 29,496,318.18 
其他应付款  14,723,606.33 71,404,786.00 
其中：应付利息    
应付股利   250.00 
持有待售负债    
一年内到期的非流动负债  45,325,404.05 420,000.00 
其他流动负债  584,488.55 9,922,799.11 
流动负债合计  571,901,683.59 566,182,584.29  
非流动负债： 
长期借款  254,150,000.00  
应付债券    
其中：优先股    
永续债    
租赁负债   87,110.29 
长期应付款    
长期应付职工薪酬    
预计负债    
递延收益  34,503,308.15 12,003,458.55 
递延所得税负债  1,556,949.87 1,730,433.81 
其他非流动负债    
非流动负债合计  290,210,258.02   13,821,002.65  
负债合计  862,111,941.61  580,003,586.94  
所有者权益（或股东权益）： 
实收资本（或股本）  409,862,216.00 410,862,216.00 
其他权益工具    
其中：优先股    
永续债    
资本公积  227,330,444.50 229,693,439.55 
减：库存股  41,429,610.92 26,550,000.00 
其他综合收益    
专项储备    
盈余公积  113,010,801.09 91,830,230.49 
未分配利润  694,947,388.84 545,308,475.09 
所有者权益（或股东权
益）合计 
 1,403,721,239.51 1,251,144,361.13  
负债和所有者权益
（或股东权益）总计 
 2,265,833,181.12 1,831,147,948.07  
公司负责人：张海 主管会计工作负责人：张海 会计机构负责人：张红玉 
 
  
2023 年年度报告 
105/ 259 
 
合并利润表 
2023年1—12月 
单位:元  币种:人民币 
项目 附注 2023 年度 2022年度 
一、营业总收入  1,634,977,930.43 1,201,316,448.76  
其中：营业收入 注释61 1,634,977,930.43 1,201,316,448.76 
利息收入    
二、营业总成本  1,361,931,402.55 985,211,833.06 
其中：营业成本 注释61 436,311,103.24 339,504,724.79 
利息支出    
税金及附加 注释62 16,604,501.60 11,051,189.38 
销售费用 注释63 792,684,602.34 562,621,545.50 
管理费用 注释64 86,525,557.56 55,385,870.81 
研发费用 注释65 30,611,129.01 17,862,876.35 
财务费用 注释66 -805,491.20 -1,214,373.77 
其中：利息费用  4,132,375.09 5,240,349.10 
利息收入  4,969,581.40 6,514,416.36 
加：其他收益 注释67 10,137,874.60 9,106,420.60 
投资收益（损失以“－”号填列） 注释68 55,161,000.69 11,049,345.52 
其中：对联营企业和合营企业的投资收益  6,597,735.79 11,144,789.22 
以摊余成本计量的金融资产终止确认收益    
汇兑收益（损失以“－”号填列）    
净敞口套期收益（损失以“-”号填列）    
公允价值变动收益（损失以“－”号填列） 注释70  -88,912.36 
信用减值损失（损失以“-”号填列） 注释71 -1,428,247.28 -10,441,555.18 
资产减值损失（损失以“-”号填列） 注释72 -1,677,358.33 -92,033.27 
资产处置收益（损失以“－”号填列） 注释73 588,970.06 -88,865.66 
三、营业利润（亏损以“－”号填列）  335,828,767.62 225,549,015.35 
加：营业外收入 注释74 1,369,223.47  1,044,277.27 
减：营业外支出 注释75 3,175,519.49  4,034,212.45 
四、利润总额（亏损总额以“－”号填列）  334,022,471.60 222,559,080.17 
减：所得税费用 注释76 39,152,842.74 30,620,613.27 
五、净利润（净亏损以“－”号填列）  294,869,628.86 191,938,466.90 
（一）按经营持续性分类 
1.持续经营净利润（净亏损以“－”号填列）  294,869,628.86 193,901,936.43 
2.终止经营净利润（净亏损以“－”号填列）   -1,963,469.53 
（二）按所有权归属分类 
1.归属于母公司股东的净利润（净亏损以“-”号
填列） 
 292,702,869.34  201,284,234.02 
2.少数股东损益（净亏损以“-”号填列）  2,166,759.52  -9,345,767.12 
六、其他综合收益的税后净额    
（一）归属母公司所有者的其他综合收益的税后净
额 
   
1．不能重分类进损益的其他综合收益    
（1）重新计量设定受益计划变动额    
（2）权益法下不能转损益的其他综合收益    
（3）其他权益工具投资公允价值变动    
（4）企业自身信用风险公允价值变动    
2．将重分类进损益的其他综合收益    
2023 年年度报告 
106/ 259 
 
（1）权益法下可转损益的其他综合收益    
（2）其他债权投资公允价值变动    
（3）金融资产重分类计入其他综合收益的金额    
（4）其他债权投资信用减值准备    
（5）现金流量套期储备    
（6）外币财务报表折算差额    
（7）其他    
（二）归属于少数股东的其他综合收益的税后净额    
七、综合收益总额  294,869,628.86 191,938,466.90 
（一）归属于母公司所有者的综合收益总额  292,702,869.34  201,284,234.02 
（二）归属于少数股东的综合收益总额  2,166,759.52  -9,345,767.12 
八、每股收益： 
（一）基本每股收益(元/股)  0.71  0.49 
（二）稀释每股收益(元/股)  0.71  0.49 
 
本期发生同一控制下企业合并的，被合并方在合并前实现的净利润为：0 元, 上期被合并方实现
的净利润为：0元。 
公司负责人：张海       主管会计工作负责人：张海        会计机构负责人：张红玉 
 
母公司利润表 
2023年1—12月 
单位:元  币种:人民币 
项目 附注 2023 年度 2022年度 
一、营业收入 注释4 1,280,544,725.23 1,107,175,348.83 
减：营业成本 注释4 326,040,346.34 311,033,693.22 
税金及附加  11,359,525.09  9,605,466.16 
销售费用  622,218,077.36  518,711,912.84 
管理费用  49,374,564.94  32,694,855.48 
研发费用  11,065,391.73  10,996,237.25 
财务费用  -643,102.93  -1,775,977.67 
其中：利息费用  4,070,560.39 4,108,852.40 
利息收入  4,751,467.66 5,922,681.97 
加：其他收益  5,808,837.42 8,637,435.72 
投资收益（损失以“－”号填列） 注释5 7,155,070.05 12,763,909.19 
其中：对联营企业和合营企业的投资收益  6,597,735.79 10,846,478.38 
以摊余成本计量的金融资产终止确认收益    
净敞口套期收益（损失以“-”号填列）    
公允价值变动收益（损失以“－”号填列）  -16,996,904.41 -88,912.36 
信用减值损失（损失以“-”号填列）  936,417.48 -4,904,164.78 
资产减值损失（损失以“-”号填列）  -11,534.32 -12,033.27 
资产处置收益（损失以“－”号填列）  -10,000,273.15 10,689.81 
二、营业利润（亏损以“－”号填列）  248,021,535.77 242,316,085.86 
加：营业外收入  100,543.25  73,168.00 
减：营业外支出  2,554,114.20  490,679.08 
三、利润总额（亏损总额以“－”号填列）  245,567,964.82 241,898,574.78 
减：所得税费用  33,762,258.87  31,276,029.06 
四、净利润（净亏损以“－”号填列）  211,805,705.95  210,622,545.72 
（一）持续经营净利润（净亏损以“－”号填列）  211,805,705.95  210,622,545.72 
（二）终止经营净利润（净亏损以“－”号填列）    
2023 年年度报告 
107/ 259 
 
五、其他综合收益的税后净额    
（一）不能重分类进损益的其他综合收益    
1.重新计量设定受益计划变动额    
2.权益法下不能转损益的其他综合收益    
3.其他权益工具投资公允价值变动    
4.企业自身信用风险公允价值变动    
（二）将重分类进损益的其他综合收益    
1.权益法下可转损益的其他综合收益    
2.其他债权投资公允价值变动    
3.金融资产重分类计入其他综合收益的金额    
4.其他债权投资信用减值准备    
5.现金流量套期储备    
6.外币财务报表折算差额    
7.其他    
六、综合收益总额  211,805,705.95 210,622,545.72 
七、每股收益： 
（一）基本每股收益(元/股)    
（二）稀释每股收益(元/股)    
 
公司负责人：张海         主管会计工作负责人：张海          会计机构负责人：张红玉 
 
 
 
合并现金流量表 
2023年1—12月 
单位：元  币种：人民币 
项目 附注 2023年度 2022年度 
一、经营活动产生的现金流量： 
销售商品、提供劳务收到的现金  1,603,835,553.51 1,298,034,297.9 
收到的税费返还  4,433,146.80 196,630.77 
收到其他与经营活动有关的现金 注释78 57,206,084.92 19,812,073.24 
经营活动现金流入小计  1,665,474,785.23 1,318,043,001.94 
购买商品、接受劳务支付的现金  348,753,272.03 295,824,902.06 
支付给职工及为职工支付的现金  217,487,969.17 157,538,697.96 
支付的各项税费  179,745,821.50 116,235,221.59 
支付其他与经营活动有关的现金 注释78 642,786,316.86 455,158,281.31 
经营活动现金流出小计  1,388,773,379.56 1,024,757,102.92 
经营活动产生的现金流量净额  276,701,405.67 293,285,899.02 
二、投资活动产生的现金流量： 
收回投资收到的现金    
取得投资收益收到的现金  1,452,722.91 1,919,430.81 
处置固定资产、无形资产和其他长期资产收回
的现金净额 
 2,047,594.00  176,732.52 
处置子公司及其他营业单位收到的现金净额   649,066.54 
收到其他与投资活动有关的现金 注释78 221,498,000.00  98,000,000.00 
投资活动现金流入小计  224,998,316.91 100,745,229.87  
购建固定资产、无形资产和其他长期资产支付
的现金 
 108,734,738.53 119,905,875.02 
2023 年年度报告 
108/ 259 
 
投资支付的现金  10,000,000.00  
质押贷款净增加额    
取得子公司及其他营业单位支付的现金净额  543,037,791.71 160,035,573.03 
支付其他与投资活动有关的现金  177,006,944.20 87,363,844.00 
投资活动现金流出小计  838,779,474.44 367,305,292.05 
投资活动产生的现金流量净额  -613,781,157.53  -266,560,062.18 
三、筹资活动产生的现金流量： 
吸收投资收到的现金  120,000,000.00  3,800,000.00 
其中：子公司吸收少数股东投资收到的现金  120,000,000.00  3,800,000.00 
取得借款收到的现金  504,000,000.00  205,000,000.00 
收到其他与筹资活动有关的现金    
筹资活动现金流入小计  624,000,000.00 208,800,000.00 
偿还债务支付的现金  205,000,000.00  200,000,000.00 
分配股利、利润或偿付利息支付的现金  50,919,690.65  8,924,810.42 
其中：子公司支付给少数股东的股利、利润    
支付其他与筹资活动有关的现金 注释78 30,449,610.92  
筹资活动现金流出小计  286,369,301.57  208,924,810.42 
筹资活动产生的现金流量净额  337,630,698.43  -124,810.42 
四、汇率变动对现金及现金等价物的影响    
五、现金及现金等价物净增加额  550,946.57 26,601,026.42 
加：期初现金及现金等价物余额  570,819,301.32  544,218,274.90 
六、期末现金及现金等价物余额  571,370,247.89 570,819,301.32 
 
公司负责人：张海          主管会计工作负责人：张海          会计机构负责人：张红玉 
 
 
母公司现金流量表 
2023年1—12月 
单位:元  币种:人民币 
项目 附注 2023年度 2022年度 
一、经营活动产生的现金流量： 
销售商品、提供劳务收到的现金  1,324,117,748.60  1,197,847,435.42 
收到的税费返还  549,728.89   
收到其他与经营活动有关的现金  50,138,325.91  68,132,554.80 
经营活动现金流入小计  1,374,805,803.40  1,265,979,990.22 
购买商品、接受劳务支付的现金  289,726,039.11  272,170,644.87 
支付给职工及为职工支付的现金  157,484,346.86  117,192,492.66 
支付的各项税费  153,553,795.77  109,309,384.46 
支付其他与经营活动有关的现金  557,444,385.66  428,019,607.82 
经营活动现金流出小计  1,158,208,567.40 926,692,129.81 
经营活动产生的现金流量净额  216,597,236.00  339,287,860.41 
二、投资活动产生的现金流量： 
收回投资收到的现金    
取得投资收益收到的现金  487,555.00 1,919,430.81 
处置固定资产、无形资产和其他长期资产收回
的现金净额 
 711,300.00 101,000.00 
处置子公司及其他营业单位收到的现金净额    
收到其他与投资活动有关的现金  87,361,844.00 98,000,000.00 
投资活动现金流入小计  88,560,699.00 100,020,430.81 
2023 年年度报告 
109/ 259 
 
购建固定资产、无形资产和其他长期资产支付
的现金 
 104,016,761.80  113,068,550.19 
投资支付的现金  621,878,610.41  193,480,000.00 
取得子公司及其他营业单位支付的现金净额    
支付其他与投资活动有关的现金  50,000.00 87,363,844.00  
投资活动现金流出小计  725,945,372.21  393,912,394.19  
投资活动产生的现金流量净额  -637,384,673.21  -293,891,963.38  
三、筹资活动产生的现金流量： 
吸收投资收到的现金    
取得借款收到的现金  504,000,000.00 205,000,000.00 
收到其他与筹资活动有关的现金  7,500,000.00  
筹资活动现金流入小计  511,500,000.00  205,000,000.00 
偿还债务支付的现金  205,000,000.00  200,000,000.00 
分配股利、利润或偿付利息支付的现金  50,369,898.98 8,924,810.42 
支付其他与筹资活动有关的现金  86,407,610.92  
筹资活动现金流出小计  341,777,509.90 208,924,810.42 
筹资活动产生的现金流量净额  169,722,490.10 -3,924,810.42 
四、汇率变动对现金及现金等价物的影响    
五、现金及现金等价物净增加额  -251,064,947.11   41,471,086.61 
加：期初现金及现金等价物余额  520,150,956.05  478,679,869.44 
六、期末现金及现金等价物余额  269,086,008.94   520,150,956.05 
 
公司负责人：张海           主管会计工作负责人：张海          会计机构负责人：张红玉 
 
 
 
 