2023 年年度报告 
75 / 202 
财务报表 
合并资产负债表 
2023 年12 月 31 日 
编制单位: 上海来伊份股份有限公司 
单位:元  币种:人民币 
项目 附注 2023 年 12 月 31 日 2022 年 12 月 31 日 
流动资产： 
货币资金  628,785,651.53 1,318,459,881.46 
结算备付金    
拆出资金    
交易性金融资产  587,991,023.65 307,810,139.63 
衍生金融资产    
应收票据    
应收账款  58,863,549.67 77,797,999.01 
应收款项融资    
预付款项  15,457,726.27 10,820,685.34 
应收保费    
应收分保账款    
应收分保合同准备金    
其他应收款  71,820,259.61 74,527,446.46 
其中：应收利息    
应收股利    
买入返售金融资产    
存货  330,627,128.90 379,292,086.30 
合同资产    
持有待售资产    
一年内到期的非流动资产    
其他流动资产  50,032,906.06 44,562,578.97 
流动资产合计  1,743,578,245.69 2,213,270,817.17 
非流动资产： 
发放贷款和垫款    
债权投资    
其他债权投资    
长期应收款    
长期股权投资  57,208,270.09 77,150,412.86 
其他权益工具投资    
其他非流动金融资产  182,234,979.84 162,019,979.84 
投资性房地产  99,887,907.09 109,967,382.51 
固定资产  472,971,810.80 496,657,384.09 
在建工程  2,059,392.22  
生产性生物资产    
油气资产    
使用权资产  460,389,523.21 490,276,796.93 
无形资产  53,773,341.47 49,010,989.84 
开发支出    
商誉    
长期待摊费用  63,101,498.16 53,330,369.38 
2023 年年度报告 
76 / 202 
递延所得税资产  29,245,424.77 34,985,081.78 
其他非流动资产  210,636,663.49 2,000,000.00 
非流动资产合计  1,631,508,811.14 1,475,398,397.23 
资产总计  3,375,087,056.83 3,688,669,214.40 
流动负债： 
短期借款   100,000,000.00 
向中央银行借款    
拆入资金    
交易性金融负债    
衍生金融负债    
应付票据    
应付账款  555,047,233.46 702,636,009.28 
预收款项  1,259,698.68 940,370.11 
合同负债  210,115,722.22 204,481,719.39 
卖出回购金融资产款    
吸收存款及同业存放    
代理买卖证券款    
代理承销证券款    
应付职工薪酬  63,634,287.67 114,071,473.01 
应交税费  35,243,436.28 33,116,880.67 
其他应付款  190,068,967.12 224,066,926.30 
其中：应付利息    
应付股利    
应付手续费及佣金    
应付分保账款    
持有待售负债    
一年内到期的非流动负债  230,393,715.78 271,815,431.38 
其他流动负债  24,775,397.21 24,565,255.32 
流动负债合计  1,310,538,458.42 1,675,694,065.46 
非流动负债： 
保险合同准备金    
长期借款    
应付债券    
其中：优先股    
永续债    
租赁负债  167,160,357.49 155,408,137.81 
长期应付款    
长期应付职工薪酬    
预计负债    
递延收益  4,034,282.23 3,257,987.01 
递延所得税负债  6,816,475.36 5,445,007.03 
其他非流动负债  44,084,557.62 37,454,279.90 
非流动负债合计  222,095,672.70 201,565,411.75 
负债合计  1,532,634,131.12 1,877,259,477.21 
所有者权益（或股东权益）： 
实收资本（或股本）  336,559,908.00 336,559,908.00 
其他权益工具    
其中：优先股    
2023 年年度报告 
77 / 202 
永续债    
资本公积  927,624,621.60 904,786,886.45 
减：库存股  19,998,807.21  
其他综合收益    
专项储备    
盈余公积  76,894,799.58 71,155,147.94 
一般风险准备    
未分配利润  518,879,299.42 498,200,531.13 
归属于母公司所有者权益（或股东权
益）合计  1,839,959,821.39 1,810,702,473.52 
少数股东权益  2,493,104.32 707,263.67 
所有者权益（或股东权益）合计  1,842,452,925.71 1,811,409,737.19 
负债和所有者权益（或股东权
益）总计  3,375,087,056.83 3,688,669,214.40 
 
公司负责人：郁瑞芬           主管会计工作负责人：徐赛花           会计机构负责人：何鲁燕 
 
母公司资产负债表 
2023 年12 月 31 日 
编制单位:上海来伊份股份有限公司  
单位:元  币种:人民币 
项目 附注 2023 年 12 月 31 日 2022 年 12 月 31 日 
流动资产： 
货币资金  529,023,358.28 1,260,221,637.24 
交易性金融资产  587,991,023.65 285,696,431.77 
衍生金融资产    
应收票据    
应收账款  210,542,974.44 59,134,238.52 
应收款项融资    
预付款项  5,979,857.78 5,661,090.09 
其他应收款  60,298,245.22 51,027,138.49 
其中：应收利息    
应收股利    
存货  183,860,520.14 242,017,956.33 
合同资产    
持有待售资产    
一年内到期的非流动资产    
其他流动资产  3,201,988.51 2,871,549.77 
流动资产合计  1,580,897,968.02 1,906,630,042.21 
非流动资产： 
债权投资    
其他债权投资    
长期应收款    
长期股权投资  555,379,807.31 475,254,807.31 
其他权益工具投资    
其他非流动金融资产  629,000.00 494,000.00 
投资性房地产  86,576,098.10 89,273,041.90 
固定资产  404,234,647.20 434,021,573.75 
2023 年年度报告 
78 / 202 
在建工程  2,059,392.22  
生产性生物资产    
油气资产    
使用权资产  5,723,309.20 8,131,430.36 
无形资产  52,233,490.73 49,007,784.74 
开发支出    
商誉    
长期待摊费用  4,211,692.90 2,615,554.79 
递延所得税资产  68,357,599.51 76,742,927.40 
其他非流动资产  210,636,663.49 2,000,000.00 
非流动资产合计  1,390,041,700.66  1,137,541,120.25 
资产总计  2,970,939,668.68  3,044,171,162.46 
流动负债： 
短期借款    
交易性金融负债    
衍生金融负债    
应付票据    
应付账款  529,885,515.95 683,816,375.55 
预收款项  895,527.78 586,778.12 
合同负债  154,981,715.56 181,828,076.56 
应付职工薪酬  20,402,918.35 30,607,292.79 
应交税费  15,411,288.71 3,285,013.73 
其他应付款  649,060,091.77 566,937,390.66 
其中：应付利息    
应付股利    
持有待售负债    
一年内到期的非流动负债    
其他流动负债  20,120,876.82 23,608,130.44 
流动负债合计  1,390,757,934.94 1,490,669,057.85 
非流动负债： 
长期借款    
应付债券    
其中：优先股    
永续债    
租赁负债  3,595,621.97 7,416,518.26 
长期应付款    
长期应付职工薪酬    
预计负债    
递延收益  4,034,282.23 3,257,987.01 
递延所得税负债  115,737.67  
其他非流动负债    
非流动负债合计  7,745,641.87 10,674,505.27 
负债合计  1,398,503,576.81 1,501,343,563.12 
所有者权益（或股东权益）： 
实收资本（或股本）  336,559,908.00 336,559,908.00 
其他权益工具    
其中：优先股    
永续债    
2023 年年度报告 
79 / 202 
资本公积  927,624,621.60 904,786,886.45 
减：库存股  19,998,807.21  
其他综合收益    
专项储备    
盈余公积  76,894,799.58 71,155,147.94 
未分配利润  251,355,569.90 230,325,656.95 
所有者权益（或股东权益）合计  1,572,436,091.87 1,542,827,599.34 
负债和所有者权益（或股东权
益）总计  2,970,939,668.68 3,044,171,162.46 
 
公司负责人：郁瑞芬           主管会计工作负责人：徐赛花           会计机构负责人：何鲁燕 
 
合并利润表 
2023 年1—12 月 
单位:元  币种:人民币 
项目 附注 2023 年度 2022 年度 
一、营业总收入  3,977,182,869.39 4,382,393,132.14 
其中：营业收入  3,977,182,869.39 4,382,393,132.14 
利息收入    
已赚保费    
手续费及佣金收入    
二、营业总成本  3,975,010,064.26 4,301,450,284.99 
其中：营业成本  2,297,768,658.72 2,492,271,537.22 
利息支出    
手续费及佣金支出    
退保金    
赔付支出净额    
提取保险责任准备金净额    
保单红利支出    
分保费用    
税金及附加  27,485,675.35 29,823,930.04 
销售费用  1,110,507,630.16 1,202,545,698.20 
管理费用  510,674,353.87 545,730,192.77 
研发费用  18,506,532.38 17,691,523.06 
财务费用  10,067,213.78 13,387,403.70 
其中：利息费用  17,734,588.07 22,136,320.83 
利息收入  18,512,718.45 20,605,931.84 
加：其他收益  31,392,915.02 21,736,066.81 
投资收益（损失以“－”号填列）  -2,153,013.96 33,286,107.06 
其中：对联营企业和合营企业的投资收
益  -20,242,142.77 15,205,569.68 
以摊余成本计量的金融资产终止
确认收益 
   
汇兑收益（损失以“－”号填列）    
净敞口套期收益（损失以“-”号填列）    
公允价值变动收益（损失以“－”号填
列）  32,856,094.00 251,945.43 
信用减值损失（损失以“-”号填列）  1,046,739.90 -4,152,623.97 
资产减值损失（损失以“-”号填列）   -18,635,576.95 
2023 年年度报告 
80 / 202 
资产处置收益（损失以“－”号填列）  939,632.99 -793,848.04 
三、营业利润（亏损以“－”号填列）  66,255,173.08 112,634,917.49 
加：营业外收入  4,684,956.41 5,088,644.11 
减：营业外支出  2,724,480.59 3,736,989.70 
四、利润总额（亏损总额以“－”号填列）  68,215,648.90 113,986,571.90 
减：所得税费用  6,223,382.58 11,950,540.31 
五、净利润（净亏损以“－”号填列）  61,992,266.32 102,036,031.59 
（一）按经营持续性分类 
1.持续经营净利润（净亏损以“－”号填
列）  61,992,266.32 102,036,031.59 
2.终止经营净利润（净亏损以“－”号填
列） 
   
（二）按所有权归属分类 
1.归属于母公司股东的净利润（净亏损以
“-”号填列）  57,045,371.69 102,029,467.92 
2.少数股东损益（净亏损以“-”号填列）  4,946,894.63 6,563.67 
六、其他综合收益的税后净额    
（一）归属母公司所有者的其他综合收益的
税后净额 
   
1．不能重分类进损益的其他综合收益    
（1）重新计量设定受益计划变动额    
（2）权益法下不能转损益的其他综合收益    
（3）其他权益工具投资公允价值变动    
（4）企业自身信用风险公允价值变动    
2．将重分类进损益的其他综合收益    
（1）权益法下可转损益的其他综合收益    
（2）其他债权投资公允价值变动    
（3）金融资产重分类计入其他综合收益的
金额 
   
（4）其他债权投资信用减值准备    
（5）现金流量套期储备    
（6）外币财务报表折算差额    
（7）其他    
（二）归属于少数股东的其他综合收益的税
后净额 
   
七、综合收益总额  61,992,266.32 102,036,031.59 
（一）归属于母公司所有者的综合收益总额  57,045,371.69 102,029,467.92 
（二）归属于少数股东的综合收益总额  4,946,894.63 6,563.67 
八、每股收益： 
（一）基本每股收益(元/股)  0.17 0.30 
（二）稀释每股收益(元/股)  0.17 0.30 
 
本期发生同一控制下企业合并的，被合并方在合并前实现的净利润为：0.00 元, 上期被合并方实
现的净利润为： 0.00 元。 
公司负责人：郁瑞芬            主管会计工作负责人：徐赛花           会计机构负责人：何鲁燕 
 
母公司利润表 
2023 年1—12 月 
单位:元  币种:人民币 
2023 年年度报告 
81 / 202 
项目 附注 2023 年度 2022 年度 
一、营业收入  2,714,382,748.70 2,877,469,360.69 
减：营业成本  2,269,398,659.24 2,457,105,453.02 
税金及附加  13,622,256.75 9,109,266.95 
销售费用  81,279,205.13 76,033,526.50 
管理费用  319,568,224.82 355,101,313.01 
研发费用  18,614,785.71 17,691,523.06 
财务费用  -17,306,004.33 -18,902,516.14 
其中：利息费用  245,129.41 960,028.03 
利息收入  17,530,083.29 19,954,483.33 
加：其他收益  9,808,244.73 4,601,501.65 
投资收益（损失以“－”号填列）  17,892,767.49 2,554,765.16 
其中：对联营企业和合营企业的投资
收益   -849,408.88 
以摊余成本计量的金融资产终止
确认收益 
   
净敞口套期收益（损失以“-”号填列）    
公允价值变动收益（损失以“－”号填
列）  12,389,801.86 -649,368.23 
信用减值损失（损失以“-”号填列）  -7,766,677.32 90,032,581.37 
资产减值损失（损失以“-”号填列）  -1,000,000.00 -5,609,976.59 
资产处置收益（损失以“－”号填列）  -282,333.41 -3,686.52 
二、营业利润（亏损以“－”号填列）  60,247,424.73 72,256,611.13 
加：营业外收入  4,284,331.78 4,355,876.58 
减：营业外支出  1,914,702.30 3,471,331.93 
三、利润总额（亏损总额以“－”号填列）  62,617,054.21 73,141,155.78 
减：所得税费用  5,220,537.86 19,863,778.44 
四、净利润（净亏损以“－”号填列）  57,396,516.35 53,277,377.34 
（一）持续经营净利润（净亏损以“－”号
填列）  57,396,516.35 53,277,377.34 
（二）终止经营净利润（净亏损以“－”号
填列） 
   
五、其他综合收益的税后净额    
（一）不能重分类进损益的其他综合收益    
1.重新计量设定受益计划变动额    
2.权益法下不能转损益的其他综合收益    
3.其他权益工具投资公允价值变动    
4.企业自身信用风险公允价值变动    
（二）将重分类进损益的其他综合收益    
1.权益法下可转损益的其他综合收益    
2.其他债权投资公允价值变动    
3.金融资产重分类计入其他综合收益的金
额 
   
4.其他债权投资信用减值准备    
5.现金流量套期储备    
6.外币财务报表折算差额    
7.其他    
六、综合收益总额  57,396,516.35 53,277,377.34 
七、每股收益： 
2023 年年度报告 
82 / 202 
（一）基本每股收益(元/股)    
（二）稀释每股收益(元/股)    
 
公司负责人：郁瑞芬           主管会计工作负责人：徐赛花           会计机构负责人：何鲁燕 
 
合并现金流量表 
2023 年1—12 月 
单位：元  币种：人民币 
项目 附注 2023年度 2022年度 
一、经营活动产生的现金流量： 
销售商品、提供劳务收到的现金  4,469,493,326.90 4,851,717,818.37 
客户存款和同业存放款项净增加额    
向中央银行借款净增加额    
向其他金融机构拆入资金净增加额    
收到原保险合同保费取得的现金    
收到再保业务现金净额    
保户储金及投资款净增加额    
收取利息、手续费及佣金的现金    
拆入资金净增加额    
回购业务资金净增加额    
代理买卖证券收到的现金净额    
收到的税费返还  1,091,628.88 950,329.21 
收到其他与经营活动有关的现金   95,723,162.72  78,338,900.19 
经营活动现金流入小计  4,566,308,118.50  4,931,007,047.77 
购买商品、接受劳务支付的现金  2,710,023,357.81  2,809,229,908.17 
客户贷款及垫款净增加额    
存放中央银行和同业款项净增加额    
支付原保险合同赔付款项的现金    
拆出资金净增加额    
支付利息、手续费及佣金的现金    
支付保单红利的现金    
支付给职工及为职工支付的现金  838,704,707.50 807,667,703.64 
支付的各项税费  221,661,095.43 240,590,034.47 
支付其他与经营活动有关的现金   442,364,670.20  409,892,959.65 
经营活动现金流出小计  4,212,753,830.94  4,267,380,605.93 
经营活动产生的现金流量净额   353,554,287.56  663,626,441.84 
二、投资活动产生的现金流量： 
收回投资收到的现金  592,460,210.00 1,312,913,479.26 
取得投资收益收到的现金  11,684,290.08 18,429,462.22 
处置固定资产、无形资产和其他长期资产收
回的现金净额  4,009,115.85 4,592,930.82 
处置子公司及其他营业单位收到的现金净额  4,351,605.90  
收到其他与投资活动有关的现金    
投资活动现金流入小计  612,505,221.83 1,335,935,872.30 
购建固定资产、无形资产和其他长期资产支
付的现金  89,561,619.02 86,983,763.47 
投资支付的现金  1,060,000,000.00 1,232,107,695.19 
质押贷款净增加额    
取得子公司及其他营业单位支付的现金净额    
2023 年年度报告 
83 / 202 
支付其他与投资活动有关的现金    
投资活动现金流出小计  1,149,561,619.02  1,319,091,458.66 
投资活动产生的现金流量净额   -537,056,397.19  16,844,413.64 
三、筹资活动产生的现金流量： 
吸收投资收到的现金  4,500,000.00 37,500,000.00 
其中：子公司吸收少数股东投资收到的现金    
取得借款收到的现金    
收到其他与筹资活动有关的现金  39,146,289.05 113,028,026.20 
筹资活动现金流入小计  43,646,289.05 150,528,026.20 
偿还债务支付的现金    
分配股利、利润或偿付利息支付的现金  31,703,448.11  
其中：子公司支付给少数股东的股利、利润    
支付其他与筹资活动有关的现金  510,550,103.37 390,353,926.39 
筹资活动现金流出小计  542,253,551.48 390,353,926.39 
筹资活动产生的现金流量净额  -498,607,262.43 -239,825,900.19 
四、汇率变动对现金及现金等价物的影响  110,338.10 2,958.09 
五、现金及现金等价物净增加额  -681,999,033.96 440,647,913.38 
加：期初现金及现金等价物余额  1,187,061,365.55 746,413,452.17 
六、期末现金及现金等价物余额  505,062,331.59 1,187,061,365.55 
 
公司负责人：郁瑞芬           主管会计工作负责人：徐赛花           会计机构负责人：何鲁燕 
 
母公司现金流量表 
2023 年1—12 月 
单位:元  币种:人民币 
项目 附注 2023年度 2022年度 
一、经营活动产生的现金流量： 
销售商品、提供劳务收到的现金  2,861,429,247.26 3,377,585,501.38 
收到的税费返还    
收到其他与经营活动有关的现金  152,040,393.98 585,234,711.80 
经营活动现金流入小计  3,013,469,641.24 3,962,820,213.18 
购买商品、接受劳务支付的现金  2,669,497,938.33 2,715,474,684.24 
支付给职工及为职工支付的现金  213,777,322.84 223,740,980.48 
支付的各项税费  58,318,393.34 19,371,859.05 
支付其他与经营活动有关的现金  208,932,495.22 191,103,931.09 
经营活动现金流出小计  3,150,526,149.73 3,149,691,454.86 
经营活动产生的现金流量净额  -137,056,508.49 813,128,758.32 
二、投资活动产生的现金流量： 
收回投资收到的现金  497,460,210.00 433,700,700.00 
取得投资收益收到的现金  11,237,928.76 3,409,510.77 
处置固定资产、无形资产和其他长期资产收
回的现金净额  25,839,510.42 24,917,496.59 
处置子公司及其他营业单位收到的现金净额   1.00 
收到其他与投资活动有关的现金    
投资活动现金流入小计  534,537,649.18 462,027,708.36 
购建固定资产、无形资产和其他长期资产支
付的现金  36,090,652.41 49,194,542.78 
投资支付的现金  1,056,445,000.00 760,995,000.00 
取得子公司及其他营业单位支付的现金净额    
2023 年年度报告 
84 / 202 
支付其他与投资活动有关的现金    
投资活动现金流出小计  1,092,535,652.41 810,189,542.78 
投资活动产生的现金流量净额  -557,998,003.23 -348,161,834.42 
三、筹资活动产生的现金流量： 
吸收投资收到的现金    
取得借款收到的现金    
收到其他与筹资活动有关的现金  39,146,289.05 13,028,026.20 
筹资活动现金流入小计  39,146,289.05 13,028,026.20 
偿还债务支付的现金    
分配股利、利润或偿付利息支付的现金  30,626,951.76  
支付其他与筹资活动有关的现金  37,092,859.11 4,793,174.44 
筹资活动现金流出小计  67,719,810.87 4,793,174.44 
筹资活动产生的现金流量净额  -28,573,521.82 8,234,851.76 
四、汇率变动对现金及现金等价物的影响    
五、现金及现金等价物净增加额  -723,628,033.54 473,201,775.66 
加：期初现金及现金等价物余额  1,129,357,313.55 656,155,537.89 
六、期末现金及现金等价物余额  405,729,280.01 1,129,357,313.55 
 
公司负责人：郁瑞芬           主管会计工作负责人：徐赛花           会计机构负责人：何鲁燕 
 
 
 
 